0 10  0 11  1 10  1 12  2 11  2 13  3 12  3 14  4 13  4 15  5 14  5 16  6 15  7 16  8 16  9 16
0 10  0 11  1 10  1 12  2 11  2 13  3 12  3 14  4 13  4 16  5 14  6 15  6 16  7 15  8 16  9 16
0 10  0 11  1 10  1 12  2 11  2 13  3 12  3 14  4 13  4 15  5 14  5 16  6 15  7 15  8 16  9 16
0 10  0 11  1 10  1 12  2 11  2 13  3 12  3 14  4 13  4 16  5 14  6 15  6 16  7 15  8 15  9 16
0 10  0 11  1 10  1 12  2 11  2 13  3 12  3 15  4 13  4 16  5 14  5 16  6 14  7 15  8 15  9 16
0 10  0 11  1 10  1 12  2 11  2 13  3 12  3 16  4 13  5 14  5 15  6 14  6 16  7 15  8 15  9 16
0 10  0 11  1 10  1 12  2 11  2 13  3 12  3 16  4 13  5 14  5 15  6 14  7 15  7 16  8 15  9 16
0 10  0 11  1 10  1 12  2 11  2 15  3 12  3 16  4 13  4 15  5 13  6 14  6 16  7 14  8 15  9 16
0 10  0 11  1 10  1 12  2 11  2 16  3 12  4 13  4 15  5 13  5 16  6 14  6 15  7 14  8 15  9 16
0 10  0 11  1 10  1 14  2 11  2 15  3 12  3 13  4 12  4 16  5 13  6 14  6 16  7 15  8 16  9 16
0 10  0 11  1 10  1 14  2 11  2 16  3 12  3 13  4 12  4 15  5 13  5 16  6 14  7 15  8 16  9 16
0 10  0 11  1 10  1 14  2 11  2 15  3 12  3 13  4 12  4 16  5 13  6 14  6 16  7 15  8 15  9 16
0 10  0 11  1 10  1 14  2 11  2 15  3 12  3 13  4 12  4 16  5 13  6 14  7 15  7 16  8 15  9 16
0 10  0 11  1 10  1 14  2 11  2 16  3 12  3 13  4 12  4 15  5 13  5 16  6 14  7 15  8 15  9 16
0 10  0 11  1 10  1 15  2 11  2 16  3 12  3 13  4 12  4 16  5 13  6 14  6 15  7 14  8 15  9 16
0 10  0 11  1 10  1 15  2 11  3 12  3 13  4 12  4 16  5 13  6 14  6 15  7 14  7 16  8 15  9 16
0 9  0 11  1 10  1 12  2 11  2 13  3 12  3 14  4 13  4 15  5 14  5 16  6 15  6 16  7 16  8 16
0 9  0 11  1 10  1 12  2 11  2 13  3 12  3 14  4 13  4 15  5 14  5 16  6 15  6 16  7 15  8 16
0 9  0 11  1 10  1 12  2 11  2 13  3 12  3 14  4 13  4 15  5 14  5 16  6 15  7 15  8 16  9 16
0 9  0 11  1 10  1 12  2 11  2 13  3 12  3 16  4 13  4 14  5 14  5 15  6 15  6 16  7 16  8 16
0 9  0 11  1 10  1 12  2 11  2 13  3 12  3 15  4 13  4 14  5 14  5 16  6 15  7 15  8 16  10 16
0 9  0 11  1 10  1 12  2 11  2 13  3 12  3 16  4 13  4 14  5 14  5 15  6 15  6 16  7 15  8 16
0 9  0 11  1 10  1 12  2 11  2 13  3 12  3 16  4 13  4 14  5 14  5 15  6 15  7 15  8 16  9 16
0 9  0 11  1 10  1 12  2 11  2 13  3 12  3 15  4 13  4 16  5 14  5 15  6 14  7 15  8 16  10 16
0 9  0 11  1 10  1 12  2 11  2 13  3 12  3 16  4 13  4 15  5 14  5 15  6 14  6 16  7 15  8 16
0 9  0 11  1 10  1 12  2 11  2 13  3 12  3 16  4 13  4 15  5 14  5 15  6 14  7 15  8 16  9 16
0 9  0 11  1 10  1 16  2 11  2 12  3 12  3 13  4 13  4 14  5 14  5 15  6 15  6 16  7 16  8 16
0 9  0 11  1 10  1 15  2 11  2 12  3 12  3 13  4 13  4 14  5 14  5 16  6 15  7 15  8 16  10 16
0 9  0 11  1 10  1 16  2 11  2 12  3 12  3 13  4 13  4 14  5 14  5 15  6 15  6 16  7 15  8 16
0 9  0 11  1 10  1 16  2 11  2 12  3 12  3 13  4 13  4 14  5 14  5 15  6 15  7 15  8 16  9 16
0 9  0 11  1 10  1 15  2 11  2 12  3 12  3 13  4 13  4 16  5 14  5 15  6 14  7 15  8 16  10 16
0 9  0 11  1 10  1 16  2 11  2 12  3 12  3 13  4 13  4 15  5 14  5 15  6 14  6 16  7 15  8 16
0 9  0 11  1 10  1 16  2 11  2 12  3 12  3 13  4 13  4 15  5 14  5 15  6 14  7 15  8 16  9 16
0 9  0 13  1 10  1 14  2 11  2 12  3 11  3 15  4 12  4 16  5 13  5 15  6 14  6 16  7 15  8 16
0 9  0 13  1 10  1 14  2 11  2 12  3 11  3 16  4 12  5 13  5 15  6 14  6 15  7 15  8 16  9 16
0 9  0 13  1 10  1 15  2 11  2 12  3 11  3 14  4 12  4 15  5 13  5 16  6 14  7 15  8 16  10 16
0 9  0 13  1 10  1 16  2 11  2 12  3 11  3 14  4 12  4 15  5 13  5 15  6 14  6 16  7 15  8 16
0 9  0 13  1 10  1 16  2 11  2 12  3 11  3 14  4 12  4 15  5 13  5 15  6 14  7 15  8 16  9 16
0 9  0 13  1 10  1 15  2 11  2 12  3 11  3 16  4 12  5 13  5 14  6 14  6 15  7 15  8 16  10 16
0 9  0 13  1 10  1 16  2 11  2 12  3 11  3 15  4 12  4 16  5 13  5 14  6 14  6 15  7 15  8 16
0 9  0 13  1 10  1 16  2 11  2 12  3 11  3 15  4 12  5 13  5 14  6 14  6 15  7 15  8 16  9 16
0 9  0 15  1 10  1 16  2 11  2 12  3 11  3 13  4 12  4 14  5 13  5 15  6 14  6 16  7 15  8 16
0 9  0 15  1 10  1 16  2 11  2 12  3 11  3 13  4 12  4 14  5 13  5 15  6 14  7 15  8 16  9 16
0 9  0 10  1 10  1 11  2 11  2 12  3 12  3 13  4 13  4 14  5 14  5 16  6 15  7 15  8 16  15 16
0 9  0 12  1 10  1 11  2 10  2 13  3 11  3 14  4 12  4 16  5 13  5 15  6 14  7 15  8 16  14 16
0 9  0 12  0 16  1 10  1 11  2 10  2 13  3 11  3 16  4 12  4 14  5 13  6 14  6 15  7 15  8 16
0 9  0 12  0 16  1 10  1 11  2 10  2 16  3 11  4 12  4 13  5 13  5 14  6 14  6 15  7 15  8 16
0 9  0 12  1 10  1 11  2 10  3 11  4 12  4 13  5 13  5 14  6 14  6 15  7 15  7 16  8 16  10 16
0 9  0 16  1 10  1 11  2 10  2 12  3 11  3 13  4 12  4 14  5 13  5 15  6 14  7 15  8 16  14 16
0 9  0 16  1 10  1 11  2 10  2 12  3 11  3 13  4 12  4 14  5 13  5 16  6 14  7 15  7 16  8 15
0 9  0 16  1 10  1 11  2 10  2 14  3 11  3 15  4 12  4 13  5 12  5 16  6 13  7 14  7 16  8 15
0 9  0 16  1 10  1 11  2 10  2 14  3 11  3 16  4 12  4 13  5 12  5 15  6 13  6 16  7 14  8 15
0 8  0 11  1 9  1 12  2 10  2 16  3 11  3 13  4 12  4 14  5 13  5 15  6 14  6 16  7 15  7 16
0 8  0 11  1 9  1 12  2 10  2 16  3 11  3 13  4 12  4 16  5 13  5 14  6 14  6 15  7 15  7 16
0 8  0 11  1 9  1 16  2 10  2 16  3 11  3 12  4 12  4 13  5 13  5 14  6 14  6 15  7 15  7 16
