0 7  0 8  1 7  1 9  2 8  2 10  3 9  4 10  5 10  6 10
0 7  0 8  1 7  1 10  2 8  3 9  3 10  4 9  5 10  6 10
0 7  0 8  1 7  1 9  2 8  2 10  3 9  4 9  5 10  6 10
0 7  0 8  1 7  1 10  2 8  3 9  3 10  4 9  5 9  6 10
0 7  0 9  1 7  1 10  2 8  2 10  3 8  4 9  5 9  6 10
0 7  0 9  1 7  2 8  2 10  3 8  4 9  4 10  5 9  6 10
0 6  0 8  1 7  1 9  2 8  2 10  3 9  3 10  4 10  5 10
0 6  0 8  1 7  1 10  2 8  2 9  3 9  3 10  4 10  5 10
0 6  0 8  1 7  1 9  2 8  2 10  3 9  4 9  5 10  7 10
0 6  0 8  1 7  1 10  2 8  2 9  3 9  3 10  4 9  5 10
0 6  0 8  1 7  1 10  2 8  2 9  3 9  4 9  5 10  6 10
0 6  0 9  1 7  1 10  2 8  2 9  3 8  3 10  4 9  5 10
0 6  0 9  1 7  1 10  2 8  2 9  3 8  4 9  5 10  6 10
0 6  0 7  1 7  1 8  2 8  2 10  3 9  4 9  5 10  9 10
0 6  0 9  1 7  1 8  2 7  3 8  4 9  4 10  5 10  7 10
0 6  0 10  1 7  1 8  2 7  2 9  3 8  4 9  5 10  8 10
0 6  0 10  1 7  1 8  2 7  2 10  3 8  4 9  4 10  5 9
0 5  0 8  1 6  1 9  2 7  2 10  3 8  3 10  4 9  4 10
0 5  0 8  1 6  1 10  2 7  2 10  3 8  3 9  4 9  4 10
