0 8  0 9  1 9  1 10  2 10  2 11  3 11  3 12  4 12  4 13  5 13  6 13  7 13
0 8  0 9  1 9  1 10  2 10  2 11  3 11  3 13  4 12  4 13  5 12  6 13  7 13
0 8  0 9  1 9  1 10  2 10  2 11  3 11  3 12  4 12  5 12  6 13  7 13  8 13
0 8  0 9  1 9  1 10  2 10  2 11  3 11  3 13  4 12  4 13  5 12  6 12  7 13
0 8  0 9  1 9  1 10  2 10  2 12  3 11  3 13  4 11  5 12  6 12  7 13  8 13
0 8  0 9  1 9  1 10  2 10  2 13  3 11  3 12  4 11  4 13  5 12  6 12  7 13
0 8  0 9  1 9  1 10  2 10  2 13  3 11  3 12  4 11  5 12  5 13  6 12  7 13
0 8  0 9  1 9  1 12  2 10  2 12  3 10  4 11  4 13  5 11  6 12  7 13  8 13
0 8  0 9  1 9  1 13  2 10  2 12  3 10  3 13  4 11  4 12  5 11  6 12  7 13
0 8  0 11  1 9  1 10  2 9  2 12  3 10  3 13  4 11  4 13  5 12  6 13  7 13
0 8  0 11  1 9  1 10  2 9  2 13  3 10  4 11  4 12  5 12  5 13  6 13  7 13
0 8  0 11  1 9  1 10  2 9  2 12  3 10  3 13  4 11  4 13  5 12  6 12  7 13
0 8  0 11  1 9  1 10  2 9  2 13  3 10  4 11  4 12  5 12  5 13  6 12  7 13
0 8  0 11  1 9  1 10  2 9  2 13  3 10  4 11  4 12  5 12  6 12  7 13  8 13
0 8  0 13  1 9  1 10  2 9  2 11  3 10  3 12  4 11  4 13  5 12  6 13  7 13
0 8  0 12  1 9  1 10  2 9  2 11  3 10  3 13  4 11  5 12  6 12  7 13  8 13
0 8  0 13  1 9  1 10  2 9  2 11  3 10  3 12  4 11  4 13  5 12  6 12  7 13
0 8  0 13  1 9  1 10  2 9  2 11  3 10  3 12  4 11  5 12  5 13  6 12  7 13
0 8  0 12  1 9  1 10  2 9  2 13  3 10  4 11  4 12  5 11  6 12  7 13  8 13
0 8  0 13  1 9  1 10  2 9  2 12  3 10  3 13  4 11  4 12  5 11  6 12  7 13
0 8  0 13  1 9  1 10  2 9  2 12  3 10  4 11  4 12  5 11  5 13  6 12  7 13
0 8  0 9  1 8  1 10  2 9  2 11  3 10  3 13  4 11  5 12  6 12  7 13  12 13
0 8  0 9  1 8  1 12  2 9  3 10  3 11  4 10  4 13  5 11  6 12  7 13  9 13
0 8  0 9  1 8  1 12  2 9  2 13  3 10  3 11  4 10  5 11  6 12  7 13  10 13
0 7  0 10  1 8  1 11  2 9  2 12  3 10  3 12  4 11  4 13  5 12  6 13  9 13
0 7  0 10  1 8  1 11  2 9  2 13  3 10  3 12  4 11  4 12  5 12  6 13  7 13
0 7  0 10  1 8  1 12  2 9  2 13  3 10  3 11  4 11  4 12  5 12  6 13  7 13
0 7  0 10  1 8  1 12  2 9  2 13  3 10  3 11  4 11  4 12  5 12  6 13  8 13
0 7  0 9  0 13  1 8  1 10  2 9  2 11  3 10  3 13  4 11  4 12  5 12  6 13
0 7  0 9  0 13  1 8  1 13  2 9  2 10  3 10  3 11  4 11  4 12  5 12  6 13
0 7  0 9  1 8  1 13  2 9  2 10  3 10  3 11  4 11  4 13  5 12  5 13  6 12
0 7  0 11  1 8  1 13  2 9  2 10  3 9  3 12  4 10  4 13  5 11  5 13  6 12
0 7  0 11  1 8  1 13  2 9  2 10  3 9  3 13  4 10  5 11  5 12  6 12  6 13
0 7  0 13  1 8  1 13  2 9  2 10  3 9  3 11  4 10  4 12  5 11  5 13  6 12
