0 1  0 10  1 2  2 3  3 4  4 5  5 6  6 7  7 8  7 9  10 11  11 12  12 13  13 14  14 15  15 16  15 17  15 18
0 1  0 10  1 2  2 3  3 4  4 5  5 6  6 7  7 8  7 9  10 11  11 12  12 13  13 14  14 15  14 18  15 16  15 17
0 1  0 10  1 2  2 3  3 4  4 5  5 6  6 7  7 8  7 9  10 11  11 12  12 13  13 14  13 18  14 15  15 16  15 17
0 1  0 10  1 2  2 3  3 4  4 5  5 6  6 7  7 8  7 9  10 11  11 12  12 13  12 18  13 14  14 15  15 16  15 17
0 1  0 10  1 2  2 3  3 4  4 5  5 6  6 7  7 8  7 9  10 11  11 12  11 18  12 13  13 14  14 15  15 16  15 17
0 1  0 10  1 2  2 3  3 4  4 5  5 6  6 7  7 8  7 9  10 11  10 18  11 12  12 13  13 14  14 15  15 16  15 17
0 1  0 10  0 18  1 2  2 3  3 4  4 5  5 6  6 7  7 8  7 9  10 11  11 12  12 13  13 14  14 15  15 16  15 17
0 1  0 10  1 2  2 3  3 4  4 5  5 6  6 7  7 8  7 9  10 11  11 12  12 13  13 14  14 15  14 17  15 16  17 18
0 1  0 10  1 2  2 3  3 4  4 5  5 6  6 7  7 8  7 9  10 11  11 12  12 13  13 14  14 15  14 17  14 18  15 16
0 1  0 10  1 2  2 3  3 4  4 5  5 6  6 7  7 8  7 9  10 11  11 12  12 13  13 14  13 18  14 15  14 17  15 16
0 1  0 10  1 2  2 3  3 4  4 5  5 6  6 7  7 8  7 9  10 11  11 12  12 13  12 18  13 14  14 15  14 17  15 16
0 1  0 10  1 2  2 3  3 4  4 5  5 6  6 7  7 8  7 9  10 11  11 12  11 18  12 13  13 14  14 15  14 17  15 16
0 1  0 10  1 2  2 3  3 4  4 5  5 6  6 7  7 8  7 9  10 11  10 18  11 12  12 13  13 14  14 15  14 17  15 16
0 1  0 10  0 18  1 2  2 3  3 4  4 5  5 6  6 7  7 8  7 9  10 11  11 12  12 13  13 14  14 15  14 17  15 16
0 1  0 10  1 2  2 3  3 4  4 5  5 6  6 7  7 8  7 9  10 11  11 12  12 13  13 14  13 17  14 15  15 16  17 18
0 1  0 10  1 2  2 3  3 4  4 5  5 6  6 7  7 8  7 9  10 11  11 12  12 13  13 14  13 17  13 18  14 15  15 16
0 1  0 10  1 2  2 3  3 4  4 5  5 6  6 7  7 8  7 9  10 11  11 12  12 13  12 18  13 14  13 17  14 15  15 16
0 1  0 10  1 2  2 3  3 4  4 5  5 6  6 7  7 8  7 9  10 11  11 12  11 18  12 13  13 14  13 17  14 15  15 16
0 1  0 10  1 2  2 3  3 4  4 5  5 6  6 7  7 8  7 9  10 11  10 18  11 12  12 13  13 14  13 17  14 15  15 16
0 1  0 10  0 18  1 2  2 3  3 4  4 5  5 6  6 7  7 8  7 9  10 11  11 12  12 13  13 14  13 17  14 15  15 16
0 1  0 10  1 2  2 3  3 4  4 5  5 6  6 7  7 8  7 9  10 11  11 12  12 13  12 17  13 14  14 15  15 16  17 18
0 1  0 10  1 2  2 3  3 4  4 5  5 6  6 7  7 8  7 9  10 11  11 12  12 13  12 17  12 18  13 14  14 15  15 16
0 1  0 10  1 2  2 3  3 4  4 5  5 6  6 7  7 8  7 9  10 11  11 12  11 18  12 13  12 17  13 14  14 15  15 16
0 1  0 10  1 2  2 3  3 4  4 5  5 6  6 7  7 8  7 9  10 11  10 18  11 12  12 13  12 17  13 14  14 15  15 16
0 1  0 10  0 18  1 2  2 3  3 4  4 5  5 6  6 7  7 8  7 9  10 11  11 12  12 13  12 17  13 14  14 15  15 16
0 1  0 10  1 2  2 3  3 4  4 5  5 6  6 7  7 8  7 9  10 11  11 12  11 17  12 13  13 14  14 15  15 16  17 18
0 1  0 10  1 2  2 3  3 4  4 5  5 6  6 7  7 8  7 9  10 11  11 12  11 17  11 18  12 13  13 14  14 15  15 16
0 1  0 10  1 2  2 3  3 4  4 5  5 6  6 7  7 8  7 9  10 11  10 18  11 12  11 17  12 13  13 14  14 15  15 16
0 1  0 10  0 18  1 2  2 3  3 4  4 5  5 6  6 7  7 8  7 9  10 11  11 12  11 17  12 13  13 14  14 15  15 16
0 1  0 10  1 2  2 3  3 4  4 5  5 6  6 7  7 8  7 9  10 11  10 17  11 12  12 13  13 14  14 15  15 16  17 18
0 1  0 10  1 2  2 3  3 4  4 5  5 6  6 7  7 8  7 9  10 11  10 17  10 18  11 12  12 13  13 14  14 15  15 16
0 1  0 10  0 18  1 2  2 3  3 4  4 5  5 6  6 7  7 8  7 9  10 11  10 17  11 12  12 13  13 14  14 15  15 16
0 1  0 10  0 17  1 2  2 3  3 4  4 5  5 6  6 7  7 8  7 9  10 11  11 12  12 13  13 14  14 15  15 16  17 18
0 1  0 10  0 17  0 18  1 2  2 3  3 4  4 5  5 6  6 7  7 8  7 9  10 11  11 12  12 13  13 14  14 15  15 16
0 1  0 10  1 2  2 3  3 4  4 5  5 6  6 7  6 9  7 8  10 11  11 12  12 13  13 14  14 15  15 16  15 17  15 18
0 1  0 10  1 2  2 3  3 4  4 5  5 6  6 7  6 9  7 8  10 11  11 12  12 13  13 14  14 15  14 18  15 16  15 17
0 1  0 10  1 2  2 3  3 4  4 5  5 6  6 7  6 9  7 8  10 11  11 12  12 13  13 14  13 18  14 15  15 16  15 17
0 1  0 10  1 2  2 3  3 4  4 5  5 6  6 7  6 9  7 8  10 11  11 12  12 13  12 18  13 14  14 15  15 16  15 17
0 1  0 10  1 2  2 3  3 4  4 5  5 6  6 7  6 9  7 8  10 11  11 12  11 18  12 13  13 14  14 15  15 16  15 17
0 1  0 10  1 2  2 3  3 4  4 5  5 6  6 7  6 9  7 8  10 11  10 18  11 12  12 13  13 14  14 15  15 16  15 17
0 1  0 10  0 18  1 2  2 3  3 4  4 5  5 6  6 7  6 9  7 8  10 11  11 12  12 13  13 14  14 15  15 16  15 17
0 1  0 10  1 2  2 3  3 4  4 5  5 6  6 7  6 9  7 8  10 11  11 12  12 13  13 14  14 15  14 17  15 16  17 18
0 1  0 10  1 2  2 3  3 4  4 5  5 6  6 7  6 9  7 8  10 11  11 12  12 13  13 14  14 15  14 17  14 18  15 16
0 1  0 10  1 2  2 3  3 4  4 5  5 6  6 7  6 9  7 8  10 11  11 12  12 13  13 14  13 18  14 15  14 17  15 16
0 1  0 10  1 2  2 3  3 4  4 5  5 6  6 7  6 9  7 8  10 11  11 12  12 13  12 18  13 14  14 15  14 17  15 16
0 1  0 10  1 2  2 3  3 4  4 5  5 6  6 7  6 9  7 8  10 11  11 12  11 18  12 13  13 14  14 15  14 17  15 16
0 1  0 10  1 2  2 3  3 4  4 5  5 6  6 7  6 9  7 8  10 11  10 18  11 12  12 13  13 14  14 15  14 17  15 16
0 1  0 10  0 18  1 2  2 3  3 4  4 5  5 6  6 7  6 9  7 8  10 11  11 12  12 13  13 14  14 15  14 17  15 16
0 1  0 10  1 2  2 3  3 4  4 5  5 6  6 7  6 9  7 8  10 11  11 12  12 13  13 14  13 17  14 15  15 16  17 18
0 1  0 10  1 2  2 3  3 4  4 5  5 6  6 7  6 9  7 8  10 11  11 12  12 13  13 14  13 17  13 18  14 15  15 16
0 1  0 10  1 2  2 3  3 4  4 5  5 6  6 7  6 9  7 8  10 11  11 12  12 13  12 18  13 14  13 17  14 15  15 16
0 1  0 10  1 2  2 3  3 4  4 5  5 6  6 7  6 9  7 8  10 11  11 12  11 18  12 13  13 14  13 17  14 15  15 16
0 1  0 10  1 2  2 3  3 4  4 5  5 6  6 7  6 9  7 8  10 11  10 18  11 12  12 13  13 14  13 17  14 15  15 16
0 1  0 10  0 18  1 2  2 3  3 4  4 5  5 6  6 7  6 9  7 8  10 11  11 12  12 13  13 14  13 17  14 15  15 16
0 1  0 10  1 2  2 3  3 4  4 5  5 6  6 7  6 9  7 8  10 11  11 12  12 13  12 17  13 14  14 15  15 16  17 18
0 1  0 10  1 2  2 3  3 4  4 5  5 6  6 7  6 9  7 8  10 11  11 12  12 13  12 17  12 18  13 14  14 15  15 16
0 1  0 10  1 2  2 3  3 4  4 5  5 6  6 7  6 9  7 8  10 11  11 12  11 18  12 13  12 17  13 14  14 15  15 16
0 1  0 10  1 2  2 3  3 4  4 5  5 6  6 7  6 9  7 8  10 11  10 18  11 12  12 13  12 17  13 14  14 15  15 16
0 1  0 10  0 18  1 2  2 3  3 4  4 5  5 6  6 7  6 9  7 8  10 11  11 12  12 13  12 17  13 14  14 15  15 16
0 1  0 10  1 2  2 3  3 4  4 5  5 6  6 7  6 9  7 8  10 11  11 12  11 17  12 13  13 14  14 15  15 16  17 18
0 1  0 10  1 2  2 3  3 4  4 5  5 6  6 7  6 9  7 8  10 11  11 12  11 17  11 18  12 13  13 14  14 15  15 16
0 1  0 10  1 2  2 3  3 4  4 5  5 6  6 7  6 9  7 8  10 11  10 18  11 12  11 17  12 13  13 14  14 15  15 16
0 1  0 10  0 18  1 2  2 3  3 4  4 5  5 6  6 7  6 9  7 8  10 11  11 12  11 17  12 13  13 14  14 15  15 16
0 1  0 10  1 2  2 3  3 4  4 5  5 6  6 7  6 9  7 8  10 11  10 17  11 12  12 13  13 14  14 15  15 16  17 18
0 1  0 10  1 2  2 3  3 4  4 5  5 6  6 7  6 9  7 8  10 11  10 17  10 18  11 12  12 13  13 14  14 15  15 16
0 1  0 10  0 18  1 2  2 3  3 4  4 5  5 6  6 7  6 9  7 8  10 11  10 17  11 12  12 13  13 14  14 15  15 16
0 1  0 10  0 17  1 2  2 3  3 4  4 5  5 6  6 7  6 9  7 8  10 11  11 12  12 13  13 14  14 15  15 16  17 18
0 1  0 10  0 17  0 18  1 2  2 3  3 4  4 5  5 6  6 7  6 9  7 8  10 11  11 12  12 13  13 14  14 15  15 16
0 1  0 10  1 2  2 3  3 4  4 5  5 6  5 9  6 7  7 8  10 11  11 12  12 13  13 14  14 15  15 16  15 17  15 18
0 1  0 10  1 2  2 3  3 4  4 5  5 6  5 9  6 7  7 8  10 11  11 12  12 13  13 14  14 15  14 18  15 16  15 17
0 1  0 10  1 2  2 3  3 4  4 5  5 6  5 9  6 7  7 8  10 11  11 12  12 13  13 14  13 18  14 15  15 16  15 17
0 1  0 10  1 2  2 3  3 4  4 5  5 6  5 9  6 7  7 8  10 11  11 12  12 13  12 18  13 14  14 15  15 16  15 17
0 1  0 10  1 2  2 3  3 4  4 5  5 6  5 9  6 7  7 8  10 11  11 12  11 18  12 13  13 14  14 15  15 16  15 17
0 1  0 10  1 2  2 3  3 4  4 5  5 6  5 9  6 7  7 8  10 11  10 18  11 12  12 13  13 14  14 15  15 16  15 17
0 1  0 10  0 18  1 2  2 3  3 4  4 5  5 6  5 9  6 7  7 8  10 11  11 12  12 13  13 14  14 15  15 16  15 17
0 1  0 10  1 2  2 3  3 4  4 5  5 6  5 9  6 7  7 8  10 11  11 12  12 13  13 14  14 15  14 17  15 16  17 18
0 1  0 10  1 2  2 3  3 4  4 5  5 6  5 9  6 7  7 8  10 11  11 12  12 13  13 14  14 15  14 17  14 18  15 16
0 1  0 10  1 2  2 3  3 4  4 5  5 6  5 9  6 7  7 8  10 11  11 12  12 13  13 14  13 18  14 15  14 17  15 16
0 1  0 10  1 2  2 3  3 4  4 5  5 6  5 9  6 7  7 8  10 11  11 12  12 13  12 18  13 14  14 15  14 17  15 16
0 1  0 10  1 2  2 3  3 4  4 5  5 6  5 9  6 7  7 8  10 11  11 12  11 18  12 13  13 14  14 15  14 17  15 16
0 1  0 10  1 2  2 3  3 4  4 5  5 6  5 9  6 7  7 8  10 11  10 18  11 12  12 13  13 14  14 15  14 17  15 16
0 1  0 10  0 18  1 2  2 3  3 4  4 5  5 6  5 9  6 7  7 8  10 11  11 12  12 13  13 14  14 15  14 17  15 16
0 1  0 10  1 2  2 3  3 4  4 5  5 6  5 9  6 7  7 8  10 11  11 12  12 13  13 14  13 17  14 15  15 16  17 18
0 1  0 10  1 2  2 3  3 4  4 5  5 6  5 9  6 7  7 8  10 11  11 12  12 13  13 14  13 17  13 18  14 15  15 16
0 1  0 10  1 2  2 3  3 4  4 5  5 6  5 9  6 7  7 8  10 11  11 12  12 13  12 18  13 14  13 17  14 15  15 16
0 1  0 10  1 2  2 3  3 4  4 5  5 6  5 9  6 7  7 8  10 11  11 12  11 18  12 13  13 14  13 17  14 15  15 16
0 1  0 10  1 2  2 3  3 4  4 5  5 6  5 9  6 7  7 8  10 11  10 18  11 12  12 13  13 14  13 17  14 15  15 16
0 1  0 10  0 18  1 2  2 3  3 4  4 5  5 6  5 9  6 7  7 8  10 11  11 12  12 13  13 14  13 17  14 15  15 16
0 1  0 10  1 2  2 3  3 4  4 5  5 6  5 9  6 7  7 8  10 11  11 12  12 13  12 17  13 14  14 15  15 16  17 18
0 1  0 10  1 2  2 3  3 4  4 5  5 6  5 9  6 7  7 8  10 11  11 12  12 13  12 17  12 18  13 14  14 15  15 16
0 1  0 10  1 2  2 3  3 4  4 5  5 6  5 9  6 7  7 8  10 11  11 12  11 18  12 13  12 17  13 14  14 15  15 16
0 1  0 10  1 2  2 3  3 4  4 5  5 6  5 9  6 7  7 8  10 11  10 18  11 12  12 13  12 17  13 14  14 15  15 16
0 1  0 10  0 18  1 2  2 3  3 4  4 5  5 6  5 9  6 7  7 8  10 11  11 12  12 13  12 17  13 14  14 15  15 16
0 1  0 10  1 2  2 3  3 4  4 5  5 6  5 9  6 7  7 8  10 11  11 12  11 17  12 13  13 14  14 15  15 16  17 18
0 1  0 10  1 2  2 3  3 4  4 5  5 6  5 9  6 7  7 8  10 11  11 12  11 17  11 18  12 13  13 14  14 15  15 16
0 1  0 10  1 2  2 3  3 4  4 5  5 6  5 9  6 7  7 8  10 11  10 18  11 12  11 17  12 13  13 14  14 15  15 16
0 1  0 10  0 18  1 2  2 3  3 4  4 5  5 6  5 9  6 7  7 8  10 11  11 12  11 17  12 13  13 14  14 15  15 16
0 1  0 10  1 2  2 3  3 4  4 5  5 6  5 9  6 7  7 8  10 11  10 17  11 12  12 13  13 14  14 15  15 16  17 18
0 1  0 10  1 2  2 3  3 4  4 5  5 6  5 9  6 7  7 8  10 11  10 17  10 18  11 12  12 13  13 14  14 15  15 16
0 1  0 10  0 18  1 2  2 3  3 4  4 5  5 6  5 9  6 7  7 8  10 11  10 17  11 12  12 13  13 14  14 15  15 16
0 1  0 10  0 17  1 2  2 3  3 4  4 5  5 6  5 9  6 7  7 8  10 11  11 12  12 13  13 14  14 15  15 16  17 18
0 1  0 10  0 17  0 18  1 2  2 3  3 4  4 5  5 6  5 9  6 7  7 8  10 11  11 12  12 13  13 14  14 15  15 16
0 1  0 10  1 2  2 3  3 4  4 5  4 9  5 6  6 7  7 8  10 11  11 12  12 13  13 14  14 15  15 16  15 17  15 18
0 1  0 10  1 2  2 3  3 4  4 5  4 9  5 6  6 7  7 8  10 11  11 12  12 13  13 14  14 15  14 18  15 16  15 17
0 1  0 10  1 2  2 3  3 4  4 5  4 9  5 6  6 7  7 8  10 11  11 12  12 13  13 14  13 18  14 15  15 16  15 17
0 1  0 10  1 2  2 3  3 4  4 5  4 9  5 6  6 7  7 8  10 11  11 12  12 13  12 18  13 14  14 15  15 16  15 17
0 1  0 10  1 2  2 3  3 4  4 5  4 9  5 6  6 7  7 8  10 11  11 12  11 18  12 13  13 14  14 15  15 16  15 17
0 1  0 10  1 2  2 3  3 4  4 5  4 9  5 6  6 7  7 8  10 11  10 18  11 12  12 13  13 14  14 15  15 16  15 17
0 1  0 10  0 18  1 2  2 3  3 4  4 5  4 9  5 6  6 7  7 8  10 11  11 12  12 13  13 14  14 15  15 16  15 17
0 1  0 10  1 2  2 3  3 4  4 5  4 9  5 6  6 7  7 8  10 11  11 12  12 13  13 14  14 15  14 17  15 16  17 18
0 1  0 10  1 2  2 3  3 4  4 5  4 9  5 6  6 7  7 8  10 11  11 12  12 13  13 14  14 15  14 17  14 18  15 16
0 1  0 10  1 2  2 3  3 4  4 5  4 9  5 6  6 7  7 8  10 11  11 12  12 13  13 14  13 18  14 15  14 17  15 16
0 1  0 10  1 2  2 3  3 4  4 5  4 9  5 6  6 7  7 8  10 11  11 12  12 13  12 18  13 14  14 15  14 17  15 16
0 1  0 10  1 2  2 3  3 4  4 5  4 9  5 6  6 7  7 8  10 11  11 12  11 18  12 13  13 14  14 15  14 17  15 16
0 1  0 10  1 2  2 3  3 4  4 5  4 9  5 6  6 7  7 8  10 11  10 18  11 12  12 13  13 14  14 15  14 17  15 16
0 1  0 10  0 18  1 2  2 3  3 4  4 5  4 9  5 6  6 7  7 8  10 11  11 12  12 13  13 14  14 15  14 17  15 16
0 1  0 10  1 2  2 3  3 4  4 5  4 9  5 6  6 7  7 8  10 11  11 12  12 13  13 14  13 17  14 15  15 16  17 18
0 1  0 10  1 2  2 3  3 4  4 5  4 9  5 6  6 7  7 8  10 11  11 12  12 13  13 14  13 17  13 18  14 15  15 16
0 1  0 10  1 2  2 3  3 4  4 5  4 9  5 6  6 7  7 8  10 11  11 12  12 13  12 18  13 14  13 17  14 15  15 16
0 1  0 10  1 2  2 3  3 4  4 5  4 9  5 6  6 7  7 8  10 11  11 12  11 18  12 13  13 14  13 17  14 15  15 16
0 1  0 10  1 2  2 3  3 4  4 5  4 9  5 6  6 7  7 8  10 11  10 18  11 12  12 13  13 14  13 17  14 15  15 16
0 1  0 10  0 18  1 2  2 3  3 4  4 5  4 9  5 6  6 7  7 8  10 11  11 12  12 13  13 14  13 17  14 15  15 16
0 1  0 10  1 2  2 3  3 4  4 5  4 9  5 6  6 7  7 8  10 11  11 12  12 13  12 17  13 14  14 15  15 16  17 18
0 1  0 10  1 2  2 3  3 4  4 5  4 9  5 6  6 7  7 8  10 11  11 12  12 13  12 17  12 18  13 14  14 15  15 16
0 1  0 10  1 2  2 3  3 4  4 5  4 9  5 6  6 7  7 8  10 11  11 12  11 18  12 13  12 17  13 14  14 15  15 16
0 1  0 10  1 2  2 3  3 4  4 5  4 9  5 6  6 7  7 8  10 11  10 18  11 12  12 13  12 17  13 14  14 15  15 16
0 1  0 10  0 18  1 2  2 3  3 4  4 5  4 9  5 6  6 7  7 8  10 11  11 12  12 13  12 17  13 14  14 15  15 16
0 1  0 10  1 2  2 3  3 4  4 5  4 9  5 6  6 7  7 8  10 11  11 12  11 17  12 13  13 14  14 15  15 16  17 18
0 1  0 10  1 2  2 3  3 4  4 5  4 9  5 6  6 7  7 8  10 11  11 12  11 17  11 18  12 13  13 14  14 15  15 16
0 1  0 10  1 2  2 3  3 4  4 5  4 9  5 6  6 7  7 8  10 11  10 18  11 12  11 17  12 13  13 14  14 15  15 16
0 1  0 10  0 18  1 2  2 3  3 4  4 5  4 9  5 6  6 7  7 8  10 11  11 12  11 17  12 13  13 14  14 15  15 16
0 1  0 10  1 2  2 3  3 4  4 5  4 9  5 6  6 7  7 8  10 11  10 17  11 12  12 13  13 14  14 15  15 16  17 18
0 1  0 10  1 2  2 3  3 4  4 5  4 9  5 6  6 7  7 8  10 11  10 17  10 18  11 12  12 13  13 14  14 15  15 16
0 1  0 10  0 18  1 2  2 3  3 4  4 5  4 9  5 6  6 7  7 8  10 11  10 17  11 12  12 13  13 14  14 15  15 16
0 1  0 10  0 17  1 2  2 3  3 4  4 5  4 9  5 6  6 7  7 8  10 11  11 12  12 13  13 14  14 15  15 16  17 18
0 1  0 10  0 17  0 18  1 2  2 3  3 4  4 5  4 9  5 6  6 7  7 8  10 11  11 12  12 13  13 14  14 15  15 16
0 1  0 10  1 2  2 3  3 4  3 9  4 5  5 6  6 7  7 8  10 11  11 12  12 13  13 14  14 15  15 16  15 17  15 18
0 1  0 10  1 2  2 3  3 4  3 9  4 5  5 6  6 7  7 8  10 11  11 12  12 13  13 14  14 15  14 18  15 16  15 17
0 1  0 10  1 2  2 3  3 4  3 9  4 5  5 6  6 7  7 8  10 11  11 12  12 13  13 14  13 18  14 15  15 16  15 17
0 1  0 10  1 2  2 3  3 4  3 9  4 5  5 6  6 7  7 8  10 11  11 12  12 13  12 18  13 14  14 15  15 16  15 17
0 1  0 10  1 2  2 3  3 4  3 9  4 5  5 6  6 7  7 8  10 11  11 12  11 18  12 13  13 14  14 15  15 16  15 17
0 1  0 10  1 2  2 3  3 4  3 9  4 5  5 6  6 7  7 8  10 11  10 18  11 12  12 13  13 14  14 15  15 16  15 17
0 1  0 10  0 18  1 2  2 3  3 4  3 9  4 5  5 6  6 7  7 8  10 11  11 12  12 13  13 14  14 15  15 16  15 17
0 1  0 10  1 2  2 3  3 4  3 9  4 5  5 6  6 7  7 8  10 11  11 12  12 13  13 14  14 15  14 17  15 16  17 18
0 1  0 10  1 2  2 3  3 4  3 9  4 5  5 6  6 7  7 8  10 11  11 12  12 13  13 14  14 15  14 17  14 18  15 16
0 1  0 10  1 2  2 3  3 4  3 9  4 5  5 6  6 7  7 8  10 11  11 12  12 13  13 14  13 18  14 15  14 17  15 16
0 1  0 10  1 2  2 3  3 4  3 9  4 5  5 6  6 7  7 8  10 11  11 12  12 13  12 18  13 14  14 15  14 17  15 16
0 1  0 10  1 2  2 3  3 4  3 9  4 5  5 6  6 7  7 8  10 11  11 12  11 18  12 13  13 14  14 15  14 17  15 16
0 1  0 10  1 2  2 3  3 4  3 9  4 5  5 6  6 7  7 8  10 11  10 18  11 12  12 13  13 14  14 15  14 17  15 16
0 1  0 10  0 18  1 2  2 3  3 4  3 9  4 5  5 6  6 7  7 8  10 11  11 12  12 13  13 14  14 15  14 17  15 16
0 1  0 10  1 2  2 3  3 4  3 9  4 5  5 6  6 7  7 8  10 11  11 12  12 13  13 14  13 17  14 15  15 16  17 18
0 1  0 10  1 2  2 3  3 4  3 9  4 5  5 6  6 7  7 8  10 11  11 12  12 13  13 14  13 17  13 18  14 15  15 16
0 1  0 10  1 2  2 3  3 4  3 9  4 5  5 6  6 7  7 8  10 11  11 12  12 13  12 18  13 14  13 17  14 15  15 16
0 1  0 10  1 2  2 3  3 4  3 9  4 5  5 6  6 7  7 8  10 11  11 12  11 18  12 13  13 14  13 17  14 15  15 16
0 1  0 10  1 2  2 3  3 4  3 9  4 5  5 6  6 7  7 8  10 11  10 18  11 12  12 13  13 14  13 17  14 15  15 16
0 1  0 10  0 18  1 2  2 3  3 4  3 9  4 5  5 6  6 7  7 8  10 11  11 12  12 13  13 14  13 17  14 15  15 16
0 1  0 10  1 2  2 3  3 4  3 9  4 5  5 6  6 7  7 8  10 11  11 12  12 13  12 17  13 14  14 15  15 16  17 18
0 1  0 10  1 2  2 3  3 4  3 9  4 5  5 6  6 7  7 8  10 11  11 12  12 13  12 17  12 18  13 14  14 15  15 16
0 1  0 10  1 2  2 3  3 4  3 9  4 5  5 6  6 7  7 8  10 11  11 12  11 18  12 13  12 17  13 14  14 15  15 16
0 1  0 10  1 2  2 3  3 4  3 9  4 5  5 6  6 7  7 8  10 11  10 18  11 12  12 13  12 17  13 14  14 15  15 16
0 1  0 10  0 18  1 2  2 3  3 4  3 9  4 5  5 6  6 7  7 8  10 11  11 12  12 13  12 17  13 14  14 15  15 16
0 1  0 10  1 2  2 3  3 4  3 9  4 5  5 6  6 7  7 8  10 11  11 12  11 17  12 13  13 14  14 15  15 16  17 18
0 1  0 10  1 2  2 3  3 4  3 9  4 5  5 6  6 7  7 8  10 11  11 12  11 17  11 18  12 13  13 14  14 15  15 16
0 1  0 10  1 2  2 3  3 4  3 9  4 5  5 6  6 7  7 8  10 11  10 18  11 12  11 17  12 13  13 14  14 15  15 16
0 1  0 10  0 18  1 2  2 3  3 4  3 9  4 5  5 6  6 7  7 8  10 11  11 12  11 17  12 13  13 14  14 15  15 16
0 1  0 10  1 2  2 3  3 4  3 9  4 5  5 6  6 7  7 8  10 11  10 17  11 12  12 13  13 14  14 15  15 16  17 18
0 1  0 10  1 2  2 3  3 4  3 9  4 5  5 6  6 7  7 8  10 11  10 17  10 18  11 12  12 13  13 14  14 15  15 16
0 1  0 10  0 18  1 2  2 3  3 4  3 9  4 5  5 6  6 7  7 8  10 11  10 17  11 12  12 13  13 14  14 15  15 16
0 1  0 10  0 17  1 2  2 3  3 4  3 9  4 5  5 6  6 7  7 8  10 11  11 12  12 13  13 14  14 15  15 16  17 18
0 1  0 10  0 17  0 18  1 2  2 3  3 4  3 9  4 5  5 6  6 7  7 8  10 11  11 12  12 13  13 14  14 15  15 16
0 1  0 10  1 2  2 3  2 9  3 4  4 5  5 6  6 7  7 8  10 11  11 12  12 13  13 14  14 15  15 16  15 17  15 18
0 1  0 10  1 2  2 3  2 9  3 4  4 5  5 6  6 7  7 8  10 11  11 12  12 13  13 14  14 15  14 18  15 16  15 17
0 1  0 10  1 2  2 3  2 9  3 4  4 5  5 6  6 7  7 8  10 11  11 12  12 13  13 14  13 18  14 15  15 16  15 17
0 1  0 10  1 2  2 3  2 9  3 4  4 5  5 6  6 7  7 8  10 11  11 12  12 13  12 18  13 14  14 15  15 16  15 17
0 1  0 10  1 2  2 3  2 9  3 4  4 5  5 6  6 7  7 8  10 11  11 12  11 18  12 13  13 14  14 15  15 16  15 17
0 1  0 10  1 2  2 3  2 9  3 4  4 5  5 6  6 7  7 8  10 11  10 18  11 12  12 13  13 14  14 15  15 16  15 17
0 1  0 10  0 18  1 2  2 3  2 9  3 4  4 5  5 6  6 7  7 8  10 11  11 12  12 13  13 14  14 15  15 16  15 17
0 1  0 10  1 2  2 3  2 9  3 4  4 5  5 6  6 7  7 8  10 11  11 12  12 13  13 14  14 15  14 17  15 16  17 18
0 1  0 10  1 2  2 3  2 9  3 4  4 5  5 6  6 7  7 8  10 11  11 12  12 13  13 14  14 15  14 17  14 18  15 16
0 1  0 10  1 2  2 3  2 9  3 4  4 5  5 6  6 7  7 8  10 11  11 12  12 13  13 14  13 18  14 15  14 17  15 16
0 1  0 10  1 2  2 3  2 9  3 4  4 5  5 6  6 7  7 8  10 11  11 12  12 13  12 18  13 14  14 15  14 17  15 16
0 1  0 10  1 2  2 3  2 9  3 4  4 5  5 6  6 7  7 8  10 11  11 12  11 18  12 13  13 14  14 15  14 17  15 16
0 1  0 10  1 2  2 3  2 9  3 4  4 5  5 6  6 7  7 8  10 11  10 18  11 12  12 13  13 14  14 15  14 17  15 16
0 1  0 10  0 18  1 2  2 3  2 9  3 4  4 5  5 6  6 7  7 8  10 11  11 12  12 13  13 14  14 15  14 17  15 16
0 1  0 10  1 2  2 3  2 9  3 4  4 5  5 6  6 7  7 8  10 11  11 12  12 13  13 14  13 17  14 15  15 16  17 18
0 1  0 10  1 2  2 3  2 9  3 4  4 5  5 6  6 7  7 8  10 11  11 12  12 13  13 14  13 17  13 18  14 15  15 16
0 1  0 10  1 2  2 3  2 9  3 4  4 5  5 6  6 7  7 8  10 11  11 12  12 13  12 18  13 14  13 17  14 15  15 16
0 1  0 10  1 2  2 3  2 9  3 4  4 5  5 6  6 7  7 8  10 11  11 12  11 18  12 13  13 14  13 17  14 15  15 16
0 1  0 10  1 2  2 3  2 9  3 4  4 5  5 6  6 7  7 8  10 11  10 18  11 12  12 13  13 14  13 17  14 15  15 16
0 1  0 10  0 18  1 2  2 3  2 9  3 4  4 5  5 6  6 7  7 8  10 11  11 12  12 13  13 14  13 17  14 15  15 16
0 1  0 10  1 2  2 3  2 9  3 4  4 5  5 6  6 7  7 8  10 11  11 12  12 13  12 17  13 14  14 15  15 16  17 18
0 1  0 10  1 2  2 3  2 9  3 4  4 5  5 6  6 7  7 8  10 11  11 12  12 13  12 17  12 18  13 14  14 15  15 16
0 1  0 10  1 2  2 3  2 9  3 4  4 5  5 6  6 7  7 8  10 11  11 12  11 18  12 13  12 17  13 14  14 15  15 16
0 1  0 10  1 2  2 3  2 9  3 4  4 5  5 6  6 7  7 8  10 11  10 18  11 12  12 13  12 17  13 14  14 15  15 16
0 1  0 10  0 18  1 2  2 3  2 9  3 4  4 5  5 6  6 7  7 8  10 11  11 12  12 13  12 17  13 14  14 15  15 16
0 1  0 10  1 2  2 3  2 9  3 4  4 5  5 6  6 7  7 8  10 11  11 12  11 17  12 13  13 14  14 15  15 16  17 18
0 1  0 10  1 2  2 3  2 9  3 4  4 5  5 6  6 7  7 8  10 11  11 12  11 17  11 18  12 13  13 14  14 15  15 16
0 1  0 10  1 2  2 3  2 9  3 4  4 5  5 6  6 7  7 8  10 11  10 18  11 12  11 17  12 13  13 14  14 15  15 16
0 1  0 10  0 18  1 2  2 3  2 9  3 4  4 5  5 6  6 7  7 8  10 11  11 12  11 17  12 13  13 14  14 15  15 16
0 1  0 10  1 2  2 3  2 9  3 4  4 5  5 6  6 7  7 8  10 11  10 17  11 12  12 13  13 14  14 15  15 16  17 18
0 1  0 10  1 2  2 3  2 9  3 4  4 5  5 6  6 7  7 8  10 11  10 17  10 18  11 12  12 13  13 14  14 15  15 16
0 1  0 10  0 18  1 2  2 3  2 9  3 4  4 5  5 6  6 7  7 8  10 11  10 17  11 12  12 13  13 14  14 15  15 16
0 1  0 10  0 17  1 2  2 3  2 9  3 4  4 5  5 6  6 7  7 8  10 11  11 12  12 13  13 14  14 15  15 16  17 18
0 1  0 10  0 17  0 18  1 2  2 3  2 9  3 4  4 5  5 6  6 7  7 8  10 11  11 12  12 13  13 14  14 15  15 16
0 1  0 10  1 2  1 9  2 3  3 4  4 5  5 6  6 7  7 8  10 11  11 12  12 13  13 14  14 15  15 16  15 17  15 18
0 1  0 10  1 2  1 9  2 3  3 4  4 5  5 6  6 7  7 8  10 11  11 12  12 13  13 14  14 15  14 18  15 16  15 17
0 1  0 10  1 2  1 9  2 3  3 4  4 5  5 6  6 7  7 8  10 11  11 12  12 13  13 14  13 18  14 15  15 16  15 17
0 1  0 10  1 2  1 9  2 3  3 4  4 5  5 6  6 7  7 8  10 11  11 12  12 13  12 18  13 14  14 15  15 16  15 17
0 1  0 10  1 2  1 9  2 3  3 4  4 5  5 6  6 7  7 8  10 11  11 12  11 18  12 13  13 14  14 15  15 16  15 17
0 1  0 10  1 2  1 9  2 3  3 4  4 5  5 6  6 7  7 8  10 11  10 18  11 12  12 13  13 14  14 15  15 16  15 17
0 1  0 10  0 18  1 2  1 9  2 3  3 4  4 5  5 6  6 7  7 8  10 11  11 12  12 13  13 14  14 15  15 16  15 17
0 1  0 10  1 2  1 9  2 3  3 4  4 5  5 6  6 7  7 8  10 11  11 12  12 13  13 14  14 15  14 17  15 16  17 18
0 1  0 10  1 2  1 9  2 3  3 4  4 5  5 6  6 7  7 8  10 11  11 12  12 13  13 14  14 15  14 17  14 18  15 16
0 1  0 10  1 2  1 9  2 3  3 4  4 5  5 6  6 7  7 8  10 11  11 12  12 13  13 14  13 18  14 15  14 17  15 16
0 1  0 10  1 2  1 9  2 3  3 4  4 5  5 6  6 7  7 8  10 11  11 12  12 13  12 18  13 14  14 15  14 17  15 16
0 1  0 10  1 2  1 9  2 3  3 4  4 5  5 6  6 7  7 8  10 11  11 12  11 18  12 13  13 14  14 15  14 17  15 16
0 1  0 10  1 2  1 9  2 3  3 4  4 5  5 6  6 7  7 8  10 11  10 18  11 12  12 13  13 14  14 15  14 17  15 16
0 1  0 10  0 18  1 2  1 9  2 3  3 4  4 5  5 6  6 7  7 8  10 11  11 12  12 13  13 14  14 15  14 17  15 16
0 1  0 10  1 2  1 9  2 3  3 4  4 5  5 6  6 7  7 8  10 11  11 12  12 13  13 14  13 17  14 15  15 16  17 18
0 1  0 10  1 2  1 9  2 3  3 4  4 5  5 6  6 7  7 8  10 11  11 12  12 13  13 14  13 17  13 18  14 15  15 16
0 1  0 10  1 2  1 9  2 3  3 4  4 5  5 6  6 7  7 8  10 11  11 12  12 13  12 18  13 14  13 17  14 15  15 16
0 1  0 10  1 2  1 9  2 3  3 4  4 5  5 6  6 7  7 8  10 11  11 12  11 18  12 13  13 14  13 17  14 15  15 16
0 1  0 10  1 2  1 9  2 3  3 4  4 5  5 6  6 7  7 8  10 11  10 18  11 12  12 13  13 14  13 17  14 15  15 16
0 1  0 10  0 18  1 2  1 9  2 3  3 4  4 5  5 6  6 7  7 8  10 11  11 12  12 13  13 14  13 17  14 15  15 16
0 1  0 10  1 2  1 9  2 3  3 4  4 5  5 6  6 7  7 8  10 11  11 12  12 13  12 17  13 14  14 15  15 16  17 18
0 1  0 10  1 2  1 9  2 3  3 4  4 5  5 6  6 7  7 8  10 11  11 12  12 13  12 17  12 18  13 14  14 15  15 16
0 1  0 10  1 2  1 9  2 3  3 4  4 5  5 6  6 7  7 8  10 11  11 12  11 18  12 13  12 17  13 14  14 15  15 16
0 1  0 10  1 2  1 9  2 3  3 4  4 5  5 6  6 7  7 8  10 11  10 18  11 12  12 13  12 17  13 14  14 15  15 16
0 1  0 10  0 18  1 2  1 9  2 3  3 4  4 5  5 6  6 7  7 8  10 11  11 12  12 13  12 17  13 14  14 15  15 16
0 1  0 10  1 2  1 9  2 3  3 4  4 5  5 6  6 7  7 8  10 11  11 12  11 17  12 13  13 14  14 15  15 16  17 18
0 1  0 10  1 2  1 9  2 3  3 4  4 5  5 6  6 7  7 8  10 11  11 12  11 17  11 18  12 13  13 14  14 15  15 16
0 1  0 10  1 2  1 9  2 3  3 4  4 5  5 6  6 7  7 8  10 11  10 18  11 12  11 17  12 13  13 14  14 15  15 16
0 1  0 10  0 18  1 2  1 9  2 3  3 4  4 5  5 6  6 7  7 8  10 11  11 12  11 17  12 13  13 14  14 15  15 16
0 1  0 10  1 2  1 9  2 3  3 4  4 5  5 6  6 7  7 8  10 11  10 17  11 12  12 13  13 14  14 15  15 16  17 18
0 1  0 10  1 2  1 9  2 3  3 4  4 5  5 6  6 7  7 8  10 11  10 17  10 18  11 12  12 13  13 14  14 15  15 16
0 1  0 10  0 18  1 2  1 9  2 3  3 4  4 5  5 6  6 7  7 8  10 11  10 17  11 12  12 13  13 14  14 15  15 16
0 1  0 10  0 17  1 2  1 9  2 3  3 4  4 5  5 6  6 7  7 8  10 11  11 12  12 13  13 14  14 15  15 16  17 18
0 1  0 10  0 17  0 18  1 2  1 9  2 3  3 4  4 5  5 6  6 7  7 8  10 11  11 12  12 13  13 14  14 15  15 16
0 1  0 9  1 2  2 3  3 4  4 5  5 6  6 7  7 8  9 10  10 11  11 12  12 13  13 14  14 15  14 16  14 17  14 18
0 1  0 9  1 2  2 3  3 4  4 5  5 6  6 7  7 8  9 10  10 11  11 12  12 13  13 14  13 18  14 15  14 16  14 17
0 1  0 9  1 2  2 3  3 4  4 5  5 6  6 7  7 8  9 10  10 11  11 12  12 13  12 18  13 14  14 15  14 16  14 17
0 1  0 9  1 2  2 3  3 4  4 5  5 6  6 7  7 8  9 10  10 11  11 12  11 18  12 13  13 14  14 15  14 16  14 17
0 1  0 9  1 2  2 3  3 4  4 5  5 6  6 7  7 8  9 10  10 11  10 18  11 12  12 13  13 14  14 15  14 16  14 17
0 1  0 9  1 2  2 3  3 4  4 5  5 6  6 7  7 8  9 10  9 18  10 11  11 12  12 13  13 14  14 15  14 16  14 17
0 1  0 9  0 18  1 2  2 3  3 4  4 5  5 6  6 7  7 8  9 10  10 11  11 12  12 13  13 14  14 15  14 16  14 17
0 1  0 9  1 2  2 3  3 4  4 5  5 6  6 7  7 8  9 10  10 11  11 12  12 13  13 14  13 17  14 15  14 16  17 18
0 1  0 9  1 2  2 3  3 4  4 5  5 6  6 7  7 8  9 10  10 11  11 12  12 13  13 14  13 17  13 18  14 15  14 16
0 1  0 9  1 2  2 3  3 4  4 5  5 6  6 7  7 8  9 10  10 11  11 12  12 13  12 18  13 14  13 17  14 15  14 16
0 1  0 9  1 2  2 3  3 4  4 5  5 6  6 7  7 8  9 10  10 11  11 12  11 18  12 13  13 14  13 17  14 15  14 16
0 1  0 9  1 2  2 3  3 4  4 5  5 6  6 7  7 8  9 10  10 11  10 18  11 12  12 13  13 14  13 17  14 15  14 16
0 1  0 9  1 2  2 3  3 4  4 5  5 6  6 7  7 8  9 10  9 18  10 11  11 12  12 13  13 14  13 17  14 15  14 16
0 1  0 9  0 18  1 2  2 3  3 4  4 5  5 6  6 7  7 8  9 10  10 11  11 12  12 13  13 14  13 17  14 15  14 16
0 1  0 9  1 2  2 3  3 4  4 5  5 6  6 7  7 8  9 10  10 11  11 12  12 13  12 17  13 14  14 15  14 16  17 18
0 1  0 9  1 2  2 3  3 4  4 5  5 6  6 7  7 8  9 10  10 11  11 12  12 13  12 17  12 18  13 14  14 15  14 16
0 1  0 9  1 2  2 3  3 4  4 5  5 6  6 7  7 8  9 10  10 11  11 12  11 18  12 13  12 17  13 14  14 15  14 16
0 1  0 9  1 2  2 3  3 4  4 5  5 6  6 7  7 8  9 10  10 11  10 18  11 12  12 13  12 17  13 14  14 15  14 16
0 1  0 9  1 2  2 3  3 4  4 5  5 6  6 7  7 8  9 10  9 18  10 11  11 12  12 13  12 17  13 14  14 15  14 16
0 1  0 9  0 18  1 2  2 3  3 4  4 5  5 6  6 7  7 8  9 10  10 11  11 12  12 13  12 17  13 14  14 15  14 16
0 1  0 9  1 2  2 3  3 4  4 5  5 6  6 7  7 8  9 10  10 11  11 12  11 17  12 13  13 14  14 15  14 16  17 18
0 1  0 9  1 2  2 3  3 4  4 5  5 6  6 7  7 8  9 10  10 11  11 12  11 17  11 18  12 13  13 14  14 15  14 16
0 1  0 9  1 2  2 3  3 4  4 5  5 6  6 7  7 8  9 10  10 11  10 18  11 12  11 17  12 13  13 14  14 15  14 16
0 1  0 9  1 2  2 3  3 4  4 5  5 6  6 7  7 8  9 10  9 18  10 11  11 12  11 17  12 13  13 14  14 15  14 16
0 1  0 9  0 18  1 2  2 3  3 4  4 5  5 6  6 7  7 8  9 10  10 11  11 12  11 17  12 13  13 14  14 15  14 16
0 1  0 9  1 2  2 3  3 4  4 5  5 6  6 7  7 8  9 10  10 11  10 17  11 12  12 13  13 14  14 15  14 16  17 18
0 1  0 9  1 2  2 3  3 4  4 5  5 6  6 7  7 8  9 10  10 11  10 17  10 18  11 12  12 13  13 14  14 15  14 16
0 1  0 9  1 2  2 3  3 4  4 5  5 6  6 7  7 8  9 10  9 18  10 11  10 17  11 12  12 13  13 14  14 15  14 16
0 1  0 9  0 18  1 2  2 3  3 4  4 5  5 6  6 7  7 8  9 10  10 11  10 17  11 12  12 13  13 14  14 15  14 16
0 1  0 9  1 2  2 3  3 4  4 5  5 6  6 7  7 8  9 10  9 17  10 11  11 12  12 13  13 14  14 15  14 16  17 18
0 1  0 9  1 2  2 3  3 4  4 5  5 6  6 7  7 8  9 10  9 17  9 18  10 11  11 12  12 13  13 14  14 15  14 16
0 1  0 9  0 18  1 2  2 3  3 4  4 5  5 6  6 7  7 8  9 10  9 17  10 11  11 12  12 13  13 14  14 15  14 16
0 1  0 9  0 17  1 2  2 3  3 4  4 5  5 6  6 7  7 8  9 10  10 11  11 12  12 13  13 14  14 15  14 16  17 18
0 1  0 9  0 17  0 18  1 2  2 3  3 4  4 5  5 6  6 7  7 8  9 10  10 11  11 12  12 13  13 14  14 15  14 16
0 1  0 9  1 2  2 3  3 4  4 5  5 6  6 7  7 8  9 10  10 11  11 12  12 13  13 14  13 16  13 18  14 15  16 17
0 1  0 9  1 2  2 3  3 4  4 5  5 6  6 7  7 8  9 10  10 11  11 12  12 13  12 18  13 14  13 16  14 15  16 17
0 1  0 9  1 2  2 3  3 4  4 5  5 6  6 7  7 8  9 10  10 11  11 12  11 18  12 13  13 14  13 16  14 15  16 17
0 1  0 9  1 2  2 3  3 4  4 5  5 6  6 7  7 8  9 10  10 11  10 18  11 12  12 13  13 14  13 16  14 15  16 17
0 1  0 9  1 2  2 3  3 4  4 5  5 6  6 7  7 8  9 10  9 18  10 11  11 12  12 13  13 14  13 16  14 15  16 17
0 1  0 9  0 18  1 2  2 3  3 4  4 5  5 6  6 7  7 8  9 10  10 11  11 12  12 13  13 14  13 16  14 15  16 17
0 1  0 9  1 2  2 3  3 4  4 5  5 6  6 7  7 8  9 10  10 11  11 12  12 13  13 14  13 16  13 17  13 18  14 15
0 1  0 9  1 2  2 3  3 4  4 5  5 6  6 7  7 8  9 10  10 11  11 12  12 13  12 18  13 14  13 16  13 17  14 15
0 1  0 9  1 2  2 3  3 4  4 5  5 6  6 7  7 8  9 10  10 11  11 12  11 18  12 13  13 14  13 16  13 17  14 15
0 1  0 9  1 2  2 3  3 4  4 5  5 6  6 7  7 8  9 10  10 11  10 18  11 12  12 13  13 14  13 16  13 17  14 15
0 1  0 9  1 2  2 3  3 4  4 5  5 6  6 7  7 8  9 10  9 18  10 11  11 12  12 13  13 14  13 16  13 17  14 15
0 1  0 9  0 18  1 2  2 3  3 4  4 5  5 6  6 7  7 8  9 10  10 11  11 12  12 13  13 14  13 16  13 17  14 15
0 1  0 9  1 2  2 3  3 4  4 5  5 6  6 7  7 8  9 10  10 11  11 12  12 13  12 17  13 14  13 16  14 15  17 18
0 1  0 9  1 2  2 3  3 4  4 5  5 6  6 7  7 8  9 10  10 11  11 12  12 13  12 17  12 18  13 14  13 16  14 15
0 1  0 9  1 2  2 3  3 4  4 5  5 6  6 7  7 8  9 10  10 11  11 12  11 18  12 13  12 17  13 14  13 16  14 15
0 1  0 9  1 2  2 3  3 4  4 5  5 6  6 7  7 8  9 10  10 11  10 18  11 12  12 13  12 17  13 14  13 16  14 15
0 1  0 9  1 2  2 3  3 4  4 5  5 6  6 7  7 8  9 10  9 18  10 11  11 12  12 13  12 17  13 14  13 16  14 15
0 1  0 9  0 18  1 2  2 3  3 4  4 5  5 6  6 7  7 8  9 10  10 11  11 12  12 13  12 17  13 14  13 16  14 15
0 1  0 9  1 2  2 3  3 4  4 5  5 6  6 7  7 8  9 10  10 11  11 12  11 17  12 13  13 14  13 16  14 15  17 18
0 1  0 9  1 2  2 3  3 4  4 5  5 6  6 7  7 8  9 10  10 11  11 12  11 17  11 18  12 13  13 14  13 16  14 15
0 1  0 9  1 2  2 3  3 4  4 5  5 6  6 7  7 8  9 10  10 11  10 18  11 12  11 17  12 13  13 14  13 16  14 15
0 1  0 9  1 2  2 3  3 4  4 5  5 6  6 7  7 8  9 10  9 18  10 11  11 12  11 17  12 13  13 14  13 16  14 15
0 1  0 9  0 18  1 2  2 3  3 4  4 5  5 6  6 7  7 8  9 10  10 11  11 12  11 17  12 13  13 14  13 16  14 15
0 1  0 9  1 2  2 3  3 4  4 5  5 6  6 7  7 8  9 10  10 11  10 17  11 12  12 13  13 14  13 16  14 15  17 18
0 1  0 9  1 2  2 3  3 4  4 5  5 6  6 7  7 8  9 10  10 11  10 17  10 18  11 12  12 13  13 14  13 16  14 15
0 1  0 9  1 2  2 3  3 4  4 5  5 6  6 7  7 8  9 10  9 18  10 11  10 17  11 12  12 13  13 14  13 16  14 15
0 1  0 9  0 18  1 2  2 3  3 4  4 5  5 6  6 7  7 8  9 10  10 11  10 17  11 12  12 13  13 14  13 16  14 15
0 1  0 9  1 2  2 3  3 4  4 5  5 6  6 7  7 8  9 10  9 17  10 11  11 12  12 13  13 14  13 16  14 15  17 18
0 1  0 9  1 2  2 3  3 4  4 5  5 6  6 7  7 8  9 10  9 17  9 18  10 11  11 12  12 13  13 14  13 16  14 15
0 1  0 9  0 18  1 2  2 3  3 4  4 5  5 6  6 7  7 8  9 10  9 17  10 11  11 12  12 13  13 14  13 16  14 15
0 1  0 9  0 17  1 2  2 3  3 4  4 5  5 6  6 7  7 8  9 10  10 11  11 12  12 13  13 14  13 16  14 15  17 18
0 1  0 9  0 17  0 18  1 2  2 3  3 4  4 5  5 6  6 7  7 8  9 10  10 11  11 12  12 13  13 14  13 16  14 15
0 1  0 9  1 2  2 3  3 4  4 5  5 6  6 7  7 8  9 10  10 11  11 12  12 13  12 16  13 14  14 15  16 17  17 18
0 1  0 9  1 2  2 3  3 4  4 5  5 6  6 7  7 8  9 10  10 11  11 12  12 13  12 16  13 14  14 15  16 17  16 18
0 1  0 9  1 2  2 3  3 4  4 5  5 6  6 7  7 8  9 10  10 11  11 12  12 13  12 16  12 18  13 14  14 15  16 17
0 1  0 9  1 2  2 3  3 4  4 5  5 6  6 7  7 8  9 10  10 11  11 12  11 18  12 13  12 16  13 14  14 15  16 17
0 1  0 9  1 2  2 3  3 4  4 5  5 6  6 7  7 8  9 10  10 11  10 18  11 12  12 13  12 16  13 14  14 15  16 17
0 1  0 9  1 2  2 3  3 4  4 5  5 6  6 7  7 8  9 10  9 18  10 11  11 12  12 13  12 16  13 14  14 15  16 17
0 1  0 9  0 18  1 2  2 3  3 4  4 5  5 6  6 7  7 8  9 10  10 11  11 12  12 13  12 16  13 14  14 15  16 17
0 1  0 9  1 2  2 3  3 4  4 5  5 6  6 7  7 8  9 10  10 11  11 12  12 13  12 16  12 17  12 18  13 14  14 15
0 1  0 9  1 2  2 3  3 4  4 5  5 6  6 7  7 8  9 10  10 11  11 12  11 18  12 13  12 16  12 17  13 14  14 15
0 1  0 9  1 2  2 3  3 4  4 5  5 6  6 7  7 8  9 10  10 11  10 18  11 12  12 13  12 16  12 17  13 14  14 15
0 1  0 9  1 2  2 3  3 4  4 5  5 6  6 7  7 8  9 10  9 18  10 11  11 12  12 13  12 16  12 17  13 14  14 15
0 1  0 9  0 18  1 2  2 3  3 4  4 5  5 6  6 7  7 8  9 10  10 11  11 12  12 13  12 16  12 17  13 14  14 15
0 1  0 9  1 2  2 3  3 4  4 5  5 6  6 7  7 8  9 10  10 11  11 12  11 17  12 13  12 16  13 14  14 15  17 18
0 1  0 9  1 2  2 3  3 4  4 5  5 6  6 7  7 8  9 10  10 11  11 12  11 17  11 18  12 13  12 16  13 14  14 15
0 1  0 9  1 2  2 3  3 4  4 5  5 6  6 7  7 8  9 10  10 11  10 18  11 12  11 17  12 13  12 16  13 14  14 15
0 1  0 9  1 2  2 3  3 4  4 5  5 6  6 7  7 8  9 10  9 18  10 11  11 12  11 17  12 13  12 16  13 14  14 15
0 1  0 9  0 18  1 2  2 3  3 4  4 5  5 6  6 7  7 8  9 10  10 11  11 12  11 17  12 13  12 16  13 14  14 15
0 1  0 9  1 2  2 3  3 4  4 5  5 6  6 7  7 8  9 10  10 11  10 17  11 12  12 13  12 16  13 14  14 15  17 18
0 1  0 9  1 2  2 3  3 4  4 5  5 6  6 7  7 8  9 10  10 11  10 17  10 18  11 12  12 13  12 16  13 14  14 15
0 1  0 9  1 2  2 3  3 4  4 5  5 6  6 7  7 8  9 10  9 18  10 11  10 17  11 12  12 13  12 16  13 14  14 15
0 1  0 9  0 18  1 2  2 3  3 4  4 5  5 6  6 7  7 8  9 10  10 11  10 17  11 12  12 13  12 16  13 14  14 15
0 1  0 9  1 2  2 3  3 4  4 5  5 6  6 7  7 8  9 10  9 17  10 11  11 12  12 13  12 16  13 14  14 15  17 18
0 1  0 9  1 2  2 3  3 4  4 5  5 6  6 7  7 8  9 10  9 17  9 18  10 11  11 12  12 13  12 16  13 14  14 15
0 1  0 9  0 18  1 2  2 3  3 4  4 5  5 6  6 7  7 8  9 10  9 17  10 11  11 12  12 13  12 16  13 14  14 15
0 1  0 9  0 17  1 2  2 3  3 4  4 5  5 6  6 7  7 8  9 10  10 11  11 12  12 13  12 16  13 14  14 15  17 18
0 1  0 9  0 17  0 18  1 2  2 3  3 4  4 5  5 6  6 7  7 8  9 10  10 11  11 12  12 13  12 16  13 14  14 15
0 1  0 9  1 2  2 3  3 4  4 5  5 6  6 7  7 8  9 10  10 11  11 12  11 16  12 13  13 14  14 15  16 17  17 18
0 1  0 9  1 2  2 3  3 4  4 5  5 6  6 7  7 8  9 10  10 11  11 12  11 16  12 13  13 14  14 15  16 17  16 18
0 1  0 9  1 2  2 3  3 4  4 5  5 6  6 7  7 8  9 10  10 11  11 12  11 16  11 18  12 13  13 14  14 15  16 17
0 1  0 9  1 2  2 3  3 4  4 5  5 6  6 7  7 8  9 10  10 11  10 18  11 12  11 16  12 13  13 14  14 15  16 17
0 1  0 9  1 2  2 3  3 4  4 5  5 6  6 7  7 8  9 10  9 18  10 11  11 12  11 16  12 13  13 14  14 15  16 17
0 1  0 9  0 18  1 2  2 3  3 4  4 5  5 6  6 7  7 8  9 10  10 11  11 12  11 16  12 13  13 14  14 15  16 17
0 1  0 9  1 2  2 3  3 4  4 5  5 6  6 7  7 8  9 10  10 11  11 12  11 16  11 17  11 18  12 13  13 14  14 15
0 1  0 9  1 2  2 3  3 4  4 5  5 6  6 7  7 8  9 10  10 11  10 18  11 12  11 16  11 17  12 13  13 14  14 15
0 1  0 9  1 2  2 3  3 4  4 5  5 6  6 7  7 8  9 10  9 18  10 11  11 12  11 16  11 17  12 13  13 14  14 15
0 1  0 9  0 18  1 2  2 3  3 4  4 5  5 6  6 7  7 8  9 10  10 11  11 12  11 16  11 17  12 13  13 14  14 15
0 1  0 9  1 2  2 3  3 4  4 5  5 6  6 7  7 8  9 10  10 11  10 17  11 12  11 16  12 13  13 14  14 15  17 18
0 1  0 9  1 2  2 3  3 4  4 5  5 6  6 7  7 8  9 10  10 11  10 17  10 18  11 12  11 16  12 13  13 14  14 15
0 1  0 9  1 2  2 3  3 4  4 5  5 6  6 7  7 8  9 10  9 18  10 11  10 17  11 12  11 16  12 13  13 14  14 15
0 1  0 9  0 18  1 2  2 3  3 4  4 5  5 6  6 7  7 8  9 10  10 11  10 17  11 12  11 16  12 13  13 14  14 15
0 1  0 9  1 2  2 3  3 4  4 5  5 6  6 7  7 8  9 10  9 17  10 11  11 12  11 16  12 13  13 14  14 15  17 18
0 1  0 9  1 2  2 3  3 4  4 5  5 6  6 7  7 8  9 10  9 17  9 18  10 11  11 12  11 16  12 13  13 14  14 15
0 1  0 9  0 18  1 2  2 3  3 4  4 5  5 6  6 7  7 8  9 10  9 17  10 11  11 12  11 16  12 13  13 14  14 15
0 1  0 9  0 17  1 2  2 3  3 4  4 5  5 6  6 7  7 8  9 10  10 11  11 12  11 16  12 13  13 14  14 15  17 18
0 1  0 9  0 17  0 18  1 2  2 3  3 4  4 5  5 6  6 7  7 8  9 10  10 11  11 12  11 16  12 13  13 14  14 15
0 1  0 9  1 2  2 3  3 4  4 5  5 6  6 7  7 8  9 10  10 11  10 16  11 12  12 13  13 14  14 15  16 17  17 18
0 1  0 9  1 2  2 3  3 4  4 5  5 6  6 7  7 8  9 10  10 11  10 16  11 12  12 13  13 14  14 15  16 17  16 18
0 1  0 9  1 2  2 3  3 4  4 5  5 6  6 7  7 8  9 10  10 11  10 16  10 18  11 12  12 13  13 14  14 15  16 17
0 1  0 9  1 2  2 3  3 4  4 5  5 6  6 7  7 8  9 10  9 18  10 11  10 16  11 12  12 13  13 14  14 15  16 17
0 1  0 9  0 18  1 2  2 3  3 4  4 5  5 6  6 7  7 8  9 10  10 11  10 16  11 12  12 13  13 14  14 15  16 17
0 1  0 9  1 2  2 3  3 4  4 5  5 6  6 7  7 8  9 10  10 11  10 16  10 17  10 18  11 12  12 13  13 14  14 15
0 1  0 9  1 2  2 3  3 4  4 5  5 6  6 7  7 8  9 10  9 18  10 11  10 16  10 17  11 12  12 13  13 14  14 15
0 1  0 9  0 18  1 2  2 3  3 4  4 5  5 6  6 7  7 8  9 10  10 11  10 16  10 17  11 12  12 13  13 14  14 15
0 1  0 9  1 2  2 3  3 4  4 5  5 6  6 7  7 8  9 10  9 17  10 11  10 16  11 12  12 13  13 14  14 15  17 18
0 1  0 9  1 2  2 3  3 4  4 5  5 6  6 7  7 8  9 10  9 17  9 18  10 11  10 16  11 12  12 13  13 14  14 15
0 1  0 9  0 18  1 2  2 3  3 4  4 5  5 6  6 7  7 8  9 10  9 17  10 11  10 16  11 12  12 13  13 14  14 15
0 1  0 9  0 17  1 2  2 3  3 4  4 5  5 6  6 7  7 8  9 10  10 11  10 16  11 12  12 13  13 14  14 15  17 18
0 1  0 9  0 17  0 18  1 2  2 3  3 4  4 5  5 6  6 7  7 8  9 10  10 11  10 16  11 12  12 13  13 14  14 15
0 1  0 9  1 2  2 3  3 4  4 5  5 6  6 7  7 8  9 10  9 16  10 11  11 12  12 13  13 14  14 15  16 17  17 18
0 1  0 9  1 2  2 3  3 4  4 5  5 6  6 7  7 8  9 10  9 16  10 11  11 12  12 13  13 14  14 15  16 17  16 18
0 1  0 9  1 2  2 3  3 4  4 5  5 6  6 7  7 8  9 10  9 16  9 18  10 11  11 12  12 13  13 14  14 15  16 17
0 1  0 9  0 18  1 2  2 3  3 4  4 5  5 6  6 7  7 8  9 10  9 16  10 11  11 12  12 13  13 14  14 15  16 17
0 1  0 9  1 2  2 3  3 4  4 5  5 6  6 7  7 8  9 10  9 16  9 17  9 18  10 11  11 12  12 13  13 14  14 15
0 1  0 9  0 18  1 2  2 3  3 4  4 5  5 6  6 7  7 8  9 10  9 16  9 17  10 11  11 12  12 13  13 14  14 15
0 1  0 9  0 17  1 2  2 3  3 4  4 5  5 6  6 7  7 8  9 10  9 16  10 11  11 12  12 13  13 14  14 15  17 18
0 1  0 9  0 17  0 18  1 2  2 3  3 4  4 5  5 6  6 7  7 8  9 10  9 16  10 11  11 12  12 13  13 14  14 15
0 1  0 9  0 16  1 2  2 3  3 4  4 5  5 6  6 7  7 8  9 10  10 11  11 12  12 13  13 14  14 15  16 17  17 18
0 1  0 9  0 16  1 2  2 3  3 4  4 5  5 6  6 7  7 8  9 10  10 11  11 12  12 13  13 14  14 15  16 17  16 18
0 1  0 9  0 16  0 18  1 2  2 3  3 4  4 5  5 6  6 7  7 8  9 10  10 11  11 12  12 13  13 14  14 15  16 17
0 1  0 9  0 16  0 17  0 18  1 2  2 3  3 4  4 5  5 6  6 7  7 8  9 10  10 11  11 12  12 13  13 14  14 15
