0 13  0 14  1 14  1 15  2 15  3 15  4 15  5 15  6 15  7 15  8 15  9 15  10 15  11 15  12 15
0 13  0 15  1 14  1 15  2 14  3 15  4 15  5 15  6 15  7 15  8 15  9 15  10 15  11 15  12 15
0 13  0 14  1 14  1 15  2 14  3 15  4 15  5 15  6 15  7 15  8 15  9 15  10 15  11 15  12 15
0 13  0 14  1 14  2 14  3 15  4 15  5 15  6 15  7 15  8 15  9 15  10 15  11 15  12 15  13 15
0 13  0 15  1 14  1 15  2 14  3 14  4 15  5 15  6 15  7 15  8 15  9 15  10 15  11 15  12 15
0 13  0 14  1 14  1 15  2 14  3 14  4 15  5 15  6 15  7 15  8 15  9 15  10 15  11 15  12 15
0 13  0 14  1 14  2 14  3 14  4 15  5 15  6 15  7 15  8 15  9 15  10 15  11 15  12 15  13 15
0 13  0 15  1 14  1 15  2 14  3 14  4 14  5 15  6 15  7 15  8 15  9 15  10 15  11 15  12 15
0 13  0 14  1 14  1 15  2 14  3 14  4 14  5 15  6 15  7 15  8 15  9 15  10 15  11 15  12 15
0 13  0 14  1 14  2 14  3 14  4 14  5 15  6 15  7 15  8 15  9 15  10 15  11 15  12 15  13 15
0 13  0 15  1 14  1 15  2 14  3 14  4 14  5 14  6 15  7 15  8 15  9 15  10 15  11 15  12 15
0 13  0 14  1 14  1 15  2 14  3 14  4 14  5 14  6 15  7 15  8 15  9 15  10 15  11 15  12 15
0 13  0 14  1 14  2 14  3 14  4 14  5 14  6 15  7 15  8 15  9 15  10 15  11 15  12 15  13 15
0 13  0 15  1 14  1 15  2 14  3 14  4 14  5 14  6 14  7 15  8 15  9 15  10 15  11 15  12 15
0 13  0 14  1 14  2 14  3 14  4 14  5 14  6 14  7 15  8 15  9 15  10 15  11 15  12 15  13 15
0 13  0 15  1 14  1 15  2 14  3 14  4 14  5 14  6 14  7 14  8 15  9 15  10 15  11 15  12 15
0 13  0 14  1 13  2 14  3 15  4 15  5 15  6 15  7 15  8 15  9 15  10 15  11 15  12 15  13 15
0 13  1 13  2 14  2 15  3 14  4 15  5 15  6 15  7 15  8 15  9 15  10 15  11 15  12 15  13 15
0 13  0 14  1 13  2 14  3 14  4 15  5 15  6 15  7 15  8 15  9 15  10 15  11 15  12 15  13 15
0 13  0 14  1 13  2 14  3 14  4 15  5 15  6 15  7 15  8 15  9 15  10 15  11 15  12 15  14 15
0 13  1 13  2 14  2 15  3 14  4 14  5 15  6 15  7 15  8 15  9 15  10 15  11 15  12 15  13 15
0 13  0 15  1 13  2 14  3 14  4 14  5 15  6 15  7 15  8 15  9 15  10 15  11 15  12 15  14 15
0 13  0 15  1 13  2 14  3 14  4 15  5 15  6 15  7 15  8 15  9 15  10 15  11 15  12 15  13 14
0 13  0 14  1 13  2 14  3 14  4 14  5 15  6 15  7 15  8 15  9 15  10 15  11 15  12 15  13 15
0 13  0 14  1 13  2 14  3 14  4 14  5 15  6 15  7 15  8 15  9 15  10 15  11 15  12 15  14 15
0 13  1 13  2 14  2 15  3 14  4 14  5 14  6 15  7 15  8 15  9 15  10 15  11 15  12 15  13 15
0 13  0 15  1 13  2 14  3 14  4 14  5 14  6 15  7 15  8 15  9 15  10 15  11 15  12 15  14 15
0 13  0 15  1 13  2 14  3 14  4 14  5 15  6 15  7 15  8 15  9 15  10 15  11 15  12 15  13 14
0 13  1 13  2 14  2 15  3 14  4 14  5 15  6 15  7 15  8 15  9 15  10 15  11 15  12 15  13 14
0 13  0 14  1 13  2 14  3 14  4 14  5 14  6 15  7 15  8 15  9 15  10 15  11 15  12 15  13 15
0 13  0 14  1 13  2 14  3 14  4 14  5 14  6 15  7 15  8 15  9 15  10 15  11 15  12 15  14 15
0 13  1 13  2 14  2 15  3 14  4 14  5 14  6 14  7 15  8 15  9 15  10 15  11 15  12 15  13 15
0 13  0 15  1 13  2 14  3 14  4 14  5 14  6 14  7 15  8 15  9 15  10 15  11 15  12 15  14 15
0 13  0 15  1 13  2 14  3 14  4 14  5 14  6 15  7 15  8 15  9 15  10 15  11 15  12 15  13 14
0 13  1 13  2 14  2 15  3 14  4 14  5 14  6 15  7 15  8 15  9 15  10 15  11 15  12 15  13 14
0 13  0 14  1 13  2 14  3 14  4 14  5 14  6 14  7 15  8 15  9 15  10 15  11 15  12 15  13 15
0 13  1 13  2 14  2 15  3 14  4 14  5 14  6 14  7 14  8 15  9 15  10 15  11 15  12 15  13 15
0 13  0 15  1 13  2 14  3 14  4 14  5 14  6 14  7 14  8 15  9 15  10 15  11 15  12 15  14 15
0 13  0 15  1 13  2 14  3 14  4 14  5 14  6 14  7 15  8 15  9 15  10 15  11 15  12 15  13 14
0 13  1 13  2 14  2 15  3 14  4 14  5 14  6 14  7 15  8 15  9 15  10 15  11 15  12 15  13 14
0 13  0 14  1 13  2 13  3 14  4 14  5 15  6 15  7 15  8 15  9 15  10 15  11 15  12 15  13 15
0 13  1 13  2 13  3 14  3 15  4 14  5 14  6 15  7 15  8 15  9 15  10 15  11 15  12 15  13 15
0 13  0 14  1 13  2 13  3 14  4 14  5 14  6 15  7 15  8 15  9 15  10 15  11 15  12 15  13 15
0 13  0 14  1 13  2 13  3 14  4 14  5 14  6 15  7 15  8 15  9 15  10 15  11 15  12 15  14 15
0 13  1 13  2 13  3 14  3 15  4 14  5 14  6 14  7 15  8 15  9 15  10 15  11 15  12 15  13 15
0 13  0 15  1 13  2 13  3 14  4 14  5 14  6 14  7 15  8 15  9 15  10 15  11 15  12 15  14 15
0 13  0 15  1 13  2 13  3 14  4 14  5 14  6 15  7 15  8 15  9 15  10 15  11 15  12 15  13 14
0 13  0 14  1 13  2 13  3 14  4 14  5 14  6 14  7 15  8 15  9 15  10 15  11 15  12 15  13 15
0 13  0 14  1 13  2 13  3 14  4 14  5 14  6 14  7 15  8 15  9 15  10 15  11 15  12 15  14 15
0 13  1 13  2 13  3 14  3 15  4 14  5 14  6 14  7 14  8 15  9 15  10 15  11 15  12 15  13 15
0 13  0 15  1 13  2 13  3 14  4 14  5 14  6 14  7 14  8 15  9 15  10 15  11 15  12 15  14 15
0 13  0 15  1 13  2 13  3 14  4 14  5 14  6 14  7 15  8 15  9 15  10 15  11 15  12 15  13 14
0 13  1 13  2 13  3 14  3 15  4 14  5 14  6 14  7 15  8 15  9 15  10 15  11 15  12 15  13 14
0 13  0 15  1 13  2 13  3 14  4 14  5 14  6 14  7 14  8 15  9 15  10 15  11 15  12 15  13 14
0 13  1 13  2 13  3 14  3 15  4 14  5 14  6 14  7 14  8 15  9 15  10 15  11 15  12 15  13 14
0 13  0 14  1 13  2 13  3 13  4 14  5 14  6 14  7 15  8 15  9 15  10 15  11 15  12 15  13 15
0 13  1 13  2 13  3 13  4 14  4 15  5 14  6 14  7 14  8 15  9 15  10 15  11 15  12 15  13 15
0 13  0 14  1 13  2 13  3 13  4 14  5 14  6 14  7 14  8 15  9 15  10 15  11 15  12 15  13 15
0 13  1 13  2 13  3 13  4 14  4 15  5 14  6 14  7 14  8 14  9 15  10 15  11 15  12 15  13 15
0 13  0 15  1 13  2 13  3 13  4 14  5 14  6 14  7 14  8 14  9 15  10 15  11 15  12 15  14 15
0 13  0 15  1 13  2 13  3 13  4 14  5 14  6 14  7 14  8 15  9 15  10 15  11 15  12 15  13 14
0 12  0 14  0 15  1 13  1 15  2 14  3 15  4 15  5 15  6 15  7 15  8 15  9 15  10 15  11 15
0 12  0 15  1 13  1 15  2 14  2 15  3 14  4 15  5 15  6 15  7 15  8 15  9 15  10 15  11 15
0 12  0 14  0 15  1 13  1 14  2 14  3 15  4 15  5 15  6 15  7 15  8 15  9 15  10 15  11 15
0 12  0 14  1 13  1 14  2 14  2 15  3 15  4 15  5 15  6 15  7 15  8 15  9 15  10 15  11 15
0 12  0 14  0 15  1 13  1 15  2 14  3 14  4 15  5 15  6 15  7 15  8 15  9 15  10 15  11 15
0 12  0 14  1 13  1 15  2 14  3 14  4 15  5 15  6 15  7 15  8 15  9 15  10 15  11 15  14 15
0 12  0 15  1 13  1 15  2 14  2 15  3 14  4 14  5 15  6 15  7 15  8 15  9 15  10 15  11 15
0 12  0 14  0 15  1 13  1 14  2 14  3 14  4 15  5 15  6 15  7 15  8 15  9 15  10 15  11 15
0 12  0 14  1 13  1 14  2 14  2 15  3 14  4 15  5 15  6 15  7 15  8 15  9 15  10 15  11 15
0 12  0 14  0 15  1 13  1 15  2 14  3 14  4 14  5 15  6 15  7 15  8 15  9 15  10 15  11 15
0 12  0 14  1 13  1 15  2 14  3 14  4 14  5 15  6 15  7 15  8 15  9 15  10 15  11 15  14 15
0 12  0 15  1 13  1 15  2 14  2 15  3 14  4 14  5 14  6 15  7 15  8 15  9 15  10 15  11 15
0 12  0 14  0 15  1 13  1 14  2 14  3 14  4 14  5 15  6 15  7 15  8 15  9 15  10 15  11 15
0 12  0 14  1 13  1 14  2 14  2 15  3 14  4 14  5 15  6 15  7 15  8 15  9 15  10 15  11 15
0 12  0 14  0 15  1 13  1 15  2 14  3 14  4 14  5 14  6 15  7 15  8 15  9 15  10 15  11 15
0 12  0 14  1 13  1 15  2 14  3 14  4 14  5 14  6 15  7 15  8 15  9 15  10 15  11 15  14 15
0 12  0 15  1 13  1 15  2 14  2 15  3 14  4 14  5 14  6 14  7 15  8 15  9 15  10 15  11 15
0 12  0 14  0 15  1 13  1 14  2 14  3 14  4 14  5 14  6 15  7 15  8 15  9 15  10 15  11 15
0 12  0 14  1 13  1 14  2 14  2 15  3 14  4 14  5 14  6 15  7 15  8 15  9 15  10 15  11 15
0 12  0 14  0 15  1 13  1 15  2 14  3 14  4 14  5 14  6 14  7 15  8 15  9 15  10 15  11 15
0 12  0 14  1 13  1 15  2 14  3 14  4 14  5 14  6 14  7 15  8 15  9 15  10 15  11 15  14 15
0 12  0 15  1 13  1 15  2 14  2 15  3 14  4 14  5 14  6 14  7 14  8 15  9 15  10 15  11 15
0 12  0 13  1 13  1 14  1 15  2 14  3 15  4 15  5 15  6 15  7 15  8 15  9 15  10 15  11 15
0 12  0 13  0 15  1 13  2 14  3 14  4 15  5 15  6 15  7 15  8 15  9 15  10 15  11 15  14 15
0 12  0 13  1 13  1 14  1 15  2 14  3 14  4 15  5 15  6 15  7 15  8 15  9 15  10 15  11 15
0 12  0 13  1 13  1 14  2 14  3 14  4 15  5 15  6 15  7 15  8 15  9 15  10 15  11 15  13 15
0 12  0 13  0 15  1 13  2 14  3 14  4 14  5 15  6 15  7 15  8 15  9 15  10 15  11 15  14 15
0 12  0 13  0 14  1 13  2 14  3 14  4 14  5 15  6 15  7 15  8 15  9 15  10 15  11 15  12 15
0 12  0 13  0 14  1 13  2 14  3 14  4 14  5 15  6 15  7 15  8 15  9 15  10 15  11 15  13 15
0 12  0 13  0 14  1 13  2 14  3 14  4 14  5 15  6 15  7 15  8 15  9 15  10 15  11 15  14 15
0 12  0 13  1 13  1 14  1 15  2 14  3 14  4 14  5 15  6 15  7 15  8 15  9 15  10 15  11 15
0 12  0 13  1 13  1 14  2 14  3 14  4 14  5 15  6 15  7 15  8 15  9 15  10 15  11 15  13 15
0 12  0 13  0 15  1 13  2 14  3 14  4 14  5 14  6 15  7 15  8 15  9 15  10 15  11 15  14 15
0 12  0 13  0 14  1 13  2 14  3 14  4 14  5 14  6 15  7 15  8 15  9 15  10 15  11 15  12 15
0 12  0 13  0 14  1 13  2 14  3 14  4 14  5 14  6 15  7 15  8 15  9 15  10 15  11 15  13 15
0 12  0 13  0 14  1 13  2 14  3 14  4 14  5 14  6 15  7 15  8 15  9 15  10 15  11 15  14 15
0 12  0 13  1 13  1 14  1 15  2 14  3 14  4 14  5 14  6 15  7 15  8 15  9 15  10 15  11 15
0 12  0 13  1 13  1 14  2 14  3 14  4 14  5 14  6 15  7 15  8 15  9 15  10 15  11 15  13 15
0 12  0 13  0 15  1 13  2 14  3 14  4 14  5 14  6 14  7 15  8 15  9 15  10 15  11 15  14 15
0 12  0 13  0 14  1 13  2 14  3 14  4 14  5 14  6 14  7 15  8 15  9 15  10 15  11 15  12 15
0 12  0 13  0 14  1 13  2 14  3 14  4 14  5 14  6 14  7 15  8 15  9 15  10 15  11 15  13 15
0 12  0 13  1 13  1 14  1 15  2 14  3 14  4 14  5 14  6 14  7 15  8 15  9 15  10 15  11 15
0 12  0 15  1 13  1 14  1 15  2 13  3 14  4 15  5 15  6 15  7 15  8 15  9 15  10 15  11 15
0 12  0 15  1 13  2 13  3 14  3 15  4 14  5 15  6 15  7 15  8 15  9 15  10 15  11 15  13 15
0 12  0 14  1 13  1 14  1 15  2 13  3 14  4 15  5 15  6 15  7 15  8 15  9 15  10 15  11 15
0 12  0 14  1 13  1 14  2 13  3 14  4 15  5 15  6 15  7 15  8 15  9 15  10 15  11 15  14 15
0 12  0 14  0 15  1 13  2 13  3 14  4 14  5 15  6 15  7 15  8 15  9 15  10 15  11 15  13 15
0 12  0 14  1 13  2 13  3 14  4 14  5 15  6 15  7 15  8 15  9 15  10 15  11 15  13 15  14 15
0 12  0 15  1 13  1 14  1 15  2 13  3 14  4 14  5 15  6 15  7 15  8 15  9 15  10 15  11 15
0 12  0 15  1 13  2 13  3 14  3 15  4 14  5 14  6 15  7 15  8 15  9 15  10 15  11 15  13 15
0 12  0 15  1 13  1 15  2 13  3 14  4 14  5 14  6 15  7 15  8 15  9 15  10 15  11 15  14 15
0 12  0 14  0 15  1 13  2 13  3 14  4 15  5 15  6 15  7 15  8 15  9 15  10 15  11 15  13 14
0 12  0 14  1 13  2 13  3 14  3 15  4 15  5 15  6 15  7 15  8 15  9 15  10 15  11 15  13 14
0 12  0 14  1 13  2 13  3 14  4 15  5 15  6 15  7 15  8 15  9 15  10 15  11 15  13 14  13 15
0 12  0 15  1 13  2 13  3 14  4 14  5 15  6 15  7 15  8 15  9 15  10 15  11 15  13 14  13 15
0 12  0 14  1 13  1 14  1 15  2 13  3 14  4 14  5 15  6 15  7 15  8 15  9 15  10 15  11 15
0 12  0 14  1 13  1 14  2 13  3 14  4 14  5 15  6 15  7 15  8 15  9 15  10 15  11 15  14 15
0 12  0 14  0 15  1 13  2 13  3 14  4 14  5 14  6 15  7 15  8 15  9 15  10 15  11 15  13 15
0 12  0 14  1 13  2 13  3 14  4 14  5 14  6 15  7 15  8 15  9 15  10 15  11 15  13 15  14 15
0 12  0 15  1 13  1 14  1 15  2 13  3 14  4 14  5 14  6 15  7 15  8 15  9 15  10 15  11 15
0 12  0 15  1 13  2 13  3 14  3 15  4 14  5 14  6 14  7 15  8 15  9 15  10 15  11 15  13 15
0 12  0 15  1 13  1 15  2 13  3 14  4 14  5 14  6 14  7 15  8 15  9 15  10 15  11 15  14 15
0 12  0 14  0 15  1 13  2 13  3 14  4 14  5 15  6 15  7 15  8 15  9 15  10 15  11 15  13 14
0 12  0 14  1 13  2 13  3 14  3 15  4 14  5 15  6 15  7 15  8 15  9 15  10 15  11 15  13 14
0 12  0 14  1 13  2 13  3 14  4 14  5 15  6 15  7 15  8 15  9 15  10 15  11 15  13 14  13 15
0 12  0 15  1 13  2 13  3 14  4 14  5 14  6 15  7 15  8 15  9 15  10 15  11 15  13 14  13 15
0 12  0 15  1 13  2 13  3 14  4 14  5 14  6 15  7 15  8 15  9 15  10 15  11 15  13 14  14 15
0 12  0 14  1 13  1 14  1 15  2 13  3 14  4 14  5 14  6 15  7 15  8 15  9 15  10 15  11 15
0 12  0 14  1 13  1 14  2 13  3 14  4 14  5 14  6 15  7 15  8 15  9 15  10 15  11 15  14 15
0 12  0 14  0 15  1 13  2 13  3 14  4 14  5 14  6 14  7 15  8 15  9 15  10 15  11 15  13 15
0 12  0 14  1 13  2 13  3 14  4 14  5 14  6 14  7 15  8 15  9 15  10 15  11 15  13 15  14 15
0 12  0 15  1 13  1 14  1 15  2 13  3 14  4 14  5 14  6 14  7 15  8 15  9 15  10 15  11 15
0 12  0 15  1 13  2 13  3 14  3 15  4 14  5 14  6 14  7 14  8 15  9 15  10 15  11 15  13 15
0 12  0 15  1 13  1 15  2 13  3 14  4 14  5 14  6 14  7 14  8 15  9 15  10 15  11 15  14 15
0 12  0 14  0 15  1 13  2 13  3 14  4 14  5 14  6 15  7 15  8 15  9 15  10 15  11 15  13 14
0 12  0 14  1 13  2 13  3 14  3 15  4 14  5 14  6 15  7 15  8 15  9 15  10 15  11 15  13 14
0 12  0 14  1 13  2 13  3 14  4 14  5 14  6 15  7 15  8 15  9 15  10 15  11 15  13 14  13 15
0 12  0 15  1 13  2 13  3 14  4 14  5 14  6 14  7 15  8 15  9 15  10 15  11 15  13 14  13 15
0 12  0 15  1 13  2 13  3 14  4 14  5 14  6 14  7 15  8 15  9 15  10 15  11 15  13 14  14 15
0 12  0 15  1 13  1 14  1 15  2 13  3 14  4 14  5 14  6 14  7 14  8 15  9 15  10 15  11 15
0 12  0 15  1 13  2 13  3 14  3 15  4 14  5 14  6 14  7 14  8 14  9 15  10 15  11 15  13 15
0 12  0 14  0 15  1 13  2 13  3 14  4 14  5 14  6 14  7 15  8 15  9 15  10 15  11 15  13 14
0 12  0 15  1 13  2 13  3 14  4 14  5 14  6 14  7 14  8 15  9 15  10 15  11 15  13 14  13 15
0 12  0 13  0 14  1 13  2 13  3 14  4 14  5 15  6 15  7 15  8 15  9 15  10 15  11 15  12 15
0 12  0 13  0 14  1 13  2 13  3 14  4 14  5 15  6 15  7 15  8 15  9 15  10 15  11 15  13 15
0 12  0 13  0 15  1 13  2 13  3 14  4 14  5 15  6 15  7 15  8 15  9 15  10 15  11 15  12 14
0 12  0 13  0 14  1 13  2 13  3 14  4 14  5 14  6 15  7 15  8 15  9 15  10 15  11 15  12 15
0 12  0 13  0 14  1 13  2 13  3 14  4 14  5 14  6 15  7 15  8 15  9 15  10 15  11 15  13 15
0 12  0 13  0 14  1 13  2 13  3 14  4 14  5 14  6 15  7 15  8 15  9 15  10 15  11 15  14 15
0 12  0 13  1 13  1 14  1 15  2 13  3 14  4 14  5 14  6 15  7 15  8 15  9 15  10 15  11 15
0 12  0 13  1 13  1 14  2 13  3 14  4 14  5 14  6 15  7 15  8 15  9 15  10 15  11 15  13 15
0 12  0 13  0 15  1 13  2 13  3 14  4 14  5 14  6 14  7 15  8 15  9 15  10 15  11 15  14 15
0 12  0 13  1 13  2 13  3 14  4 14  5 14  6 14  7 15  8 15  9 15  10 15  11 15  13 15  14 15
0 12  0 13  0 15  1 13  2 13  3 14  4 14  5 14  6 15  7 15  8 15  9 15  10 15  11 15  12 14
0 12  0 13  1 13  2 13  3 14  4 14  5 14  6 15  7 15  8 15  9 15  10 15  11 15  12 14  12 15
0 12  0 13  0 14  1 13  2 13  3 14  4 14  5 14  6 14  7 15  8 15  9 15  10 15  11 15  12 15
0 12  0 13  0 14  1 13  2 13  3 14  4 14  5 14  6 14  7 15  8 15  9 15  10 15  11 15  13 15
0 12  0 13  0 14  1 13  2 13  3 14  4 14  5 14  6 14  7 15  8 15  9 15  10 15  11 15  14 15
0 12  0 13  1 13  1 14  1 15  2 13  3 14  4 14  5 14  6 14  7 15  8 15  9 15  10 15  11 15
0 12  0 13  1 13  1 14  2 13  3 14  4 14  5 14  6 14  7 15  8 15  9 15  10 15  11 15  13 15
0 12  0 13  0 15  1 13  2 13  3 14  4 14  5 14  6 14  7 15  8 15  9 15  10 15  11 15  12 14
0 12  0 13  1 13  2 13  3 14  4 14  5 14  6 14  7 15  8 15  9 15  10 15  11 15  12 14  12 15
0 12  0 13  0 15  1 13  2 13  3 14  4 14  5 14  6 14  7 15  8 15  9 15  10 15  11 15  13 14
0 12  0 13  1 13  1 15  2 13  3 14  4 14  5 14  6 14  7 15  8 15  9 15  10 15  11 15  13 14
0 12  0 13  1 13  2 13  3 14  4 14  5 14  6 14  7 15  8 15  9 15  10 15  11 15  13 14  14 15
0 12  0 14  1 13  1 14  1 15  2 13  3 13  4 14  5 15  6 15  7 15  8 15  9 15  10 15  11 15
0 12  0 14  1 13  1 14  2 13  3 13  4 14  5 15  6 15  7 15  8 15  9 15  10 15  11 15  14 15
0 12  0 14  0 15  1 13  2 13  3 13  4 14  5 14  6 15  7 15  8 15  9 15  10 15  11 15  13 15
0 12  0 14  1 13  2 13  3 13  4 14  5 14  6 15  7 15  8 15  9 15  10 15  11 15  13 15  14 15
0 12  0 15  1 13  1 14  1 15  2 13  3 13  4 14  5 14  6 15  7 15  8 15  9 15  10 15  11 15
0 12  0 15  1 13  2 13  3 13  4 14  4 15  5 14  6 14  7 15  8 15  9 15  10 15  11 15  13 15
0 12  0 14  1 13  1 14  1 15  2 13  3 13  4 14  5 14  6 15  7 15  8 15  9 15  10 15  11 15
0 12  0 14  1 13  1 14  2 13  3 13  4 14  5 14  6 15  7 15  8 15  9 15  10 15  11 15  14 15
0 12  0 14  0 15  1 13  2 13  3 13  4 14  5 14  6 14  7 15  8 15  9 15  10 15  11 15  13 15
0 12  0 14  1 13  2 13  3 13  4 14  5 14  6 14  7 15  8 15  9 15  10 15  11 15  13 15  14 15
0 12  0 15  1 13  1 14  1 15  2 13  3 13  4 14  5 14  6 14  7 15  8 15  9 15  10 15  11 15
0 12  0 15  1 13  2 13  3 13  4 14  4 15  5 14  6 14  7 14  8 15  9 15  10 15  11 15  13 15
0 12  0 15  1 13  1 15  2 13  3 13  4 14  5 14  6 14  7 14  8 15  9 15  10 15  11 15  14 15
0 12  0 14  0 15  1 13  2 13  3 13  4 14  5 14  6 15  7 15  8 15  9 15  10 15  11 15  13 14
0 12  0 14  1 13  2 13  3 13  4 14  4 15  5 14  6 15  7 15  8 15  9 15  10 15  11 15  13 14
0 12  0 14  1 13  2 13  3 13  4 14  5 14  6 15  7 15  8 15  9 15  10 15  11 15  13 14  13 15
0 12  0 15  1 13  2 13  3 13  4 14  5 14  6 14  7 15  8 15  9 15  10 15  11 15  13 14  13 15
0 12  0 14  1 13  1 14  1 15  2 13  3 13  4 14  5 14  6 14  7 15  8 15  9 15  10 15  11 15
0 12  0 14  0 15  1 13  2 13  3 13  4 14  5 14  6 14  7 14  8 15  9 15  10 15  11 15  13 15
0 12  0 15  1 13  1 14  1 15  2 13  3 13  4 14  5 14  6 14  7 14  8 15  9 15  10 15  11 15
0 12  0 15  1 13  2 13  3 13  4 14  4 15  5 14  6 14  7 14  8 14  9 15  10 15  11 15  13 15
0 12  0 15  1 13  1 15  2 13  3 13  4 14  5 14  6 14  7 14  8 14  9 15  10 15  11 15  14 15
0 12  0 14  0 15  1 13  2 13  3 13  4 14  5 14  6 14  7 15  8 15  9 15  10 15  11 15  13 14
0 12  0 14  1 13  2 13  3 13  4 14  4 15  5 14  6 14  7 15  8 15  9 15  10 15  11 15  13 14
0 12  0 14  1 13  2 13  3 13  4 14  5 14  6 14  7 15  8 15  9 15  10 15  11 15  13 14  13 15
0 12  0 15  1 13  2 13  3 13  4 14  5 14  6 14  7 14  8 15  9 15  10 15  11 15  13 14  13 15
0 12  0 15  1 13  2 13  3 13  4 14  5 14  6 14  7 14  8 15  9 15  10 15  11 15  13 14  14 15
0 12  0 13  0 14  1 13  2 13  3 13  4 14  5 14  6 14  7 15  8 15  9 15  10 15  11 15  12 15
0 12  0 13  0 14  1 13  2 13  3 13  4 14  5 14  6 14  7 15  8 15  9 15  10 15  11 15  13 15
0 12  0 13  0 15  1 13  2 13  3 13  4 14  5 14  6 14  7 15  8 15  9 15  10 15  11 15  12 14
0 12  0 13  0 14  1 13  2 13  3 13  4 14  5 14  6 14  7 14  8 15  9 15  10 15  11 15  12 15
0 12  0 13  1 13  1 14  1 15  2 13  3 13  4 14  5 14  6 14  7 14  8 15  9 15  10 15  11 15
0 12  0 13  1 13  2 13  3 13  4 14  5 14  6 14  7 14  8 15  9 15  10 15  11 15  12 14  12 15
0 12  0 14  1 13  1 14  1 15  2 13  3 13  4 13  5 14  6 14  7 15  8 15  9 15  10 15  11 15
0 12  0 14  1 13  1 14  2 13  3 13  4 13  5 14  6 14  7 15  8 15  9 15  10 15  11 15  14 15
0 12  0 14  0 15  1 13  2 13  3 13  4 13  5 14  6 14  7 14  8 15  9 15  10 15  11 15  13 15
0 12  0 14  1 13  2 13  3 13  4 13  5 14  6 14  7 14  8 15  9 15  10 15  11 15  13 15  14 15
0 12  0 15  1 13  1 14  1 15  2 13  3 13  4 13  5 14  6 14  7 14  8 15  9 15  10 15  11 15
0 12  0 15  1 13  2 13  3 13  4 13  5 14  5 15  6 14  7 14  8 14  9 15  10 15  11 15  13 15
0 12  0 14  0 15  1 13  2 13  3 13  4 13  5 14  6 14  7 14  8 14  9 15  10 15  11 15  13 15
0 12  0 15  1 13  1 14  1 15  2 13  3 13  4 13  5 14  6 14  7 14  8 14  9 15  10 15  11 15
0 12  0 15  1 13  2 13  3 13  4 13  5 14  5 15  6 14  7 14  8 14  9 14  10 15  11 15  13 15
0 12  0 13  0 15  1 12  2 13  3 14  4 14  5 15  6 15  7 15  8 15  9 15  10 15  11 15  14 15
0 12  0 13  0 15  1 12  2 13  3 14  4 14  5 14  6 15  7 15  8 15  9 15  10 15  11 15  14 15
0 12  0 13  0 14  1 12  2 13  3 14  4 14  5 14  6 15  7 15  8 15  9 15  10 15  11 15  12 15
0 12  0 13  0 14  1 12  2 13  3 14  4 14  5 14  6 15  7 15  8 15  9 15  10 15  11 15  14 15
0 12  0 13  0 15  1 12  2 13  3 14  4 14  5 14  6 14  7 15  8 15  9 15  10 15  11 15  14 15
0 12  0 13  0 15  1 12  2 13  3 14  4 14  5 14  6 15  7 15  8 15  9 15  10 15  11 15  12 14
0 12  0 13  1 12  2 13  3 14  4 14  5 14  6 15  7 15  8 15  9 15  10 15  11 15  12 14  12 15
0 12  0 13  0 14  1 12  2 13  3 14  4 14  5 14  6 14  7 15  8 15  9 15  10 15  11 15  12 15
0 12  0 13  0 14  1 12  2 13  3 14  4 14  5 14  6 14  7 15  8 15  9 15  10 15  11 15  14 15
0 12  0 13  0 15  1 12  2 13  3 14  4 14  5 14  6 14  7 15  8 15  9 15  10 15  11 15  12 14
0 12  0 13  1 12  2 13  3 14  4 14  5 14  6 14  7 15  8 15  9 15  10 15  11 15  12 14  12 15
0 12  1 12  2 13  3 13  4 14  4 15  5 14  6 15  7 15  8 15  9 15  10 15  11 15  12 15  13 15
0 12  0 14  0 15  1 12  2 13  3 13  4 14  5 14  6 15  7 15  8 15  9 15  10 15  11 15  13 15
0 12  1 12  2 13  3 13  4 14  4 15  5 14  6 14  7 15  8 15  9 15  10 15  11 15  12 15  13 15
0 12  1 12  2 13  2 15  3 13  4 14  5 14  6 14  7 15  8 15  9 15  10 15  11 15  12 15  14 15
0 12  1 12  2 13  2 14  2 15  3 13  4 14  5 15  6 15  7 15  8 15  9 15  10 15  11 15  12 14
0 12  1 12  2 13  2 14  3 13  4 14  5 15  6 15  7 15  8 15  9 15  10 15  11 15  12 14  14 15
0 12  1 12  2 13  3 13  4 14  5 14  6 15  7 15  8 15  9 15  10 15  11 15  12 14  12 15  13 15
0 12  0 14  0 15  1 12  2 13  3 13  4 14  5 14  6 14  7 15  8 15  9 15  10 15  11 15  13 15
0 12  1 12  2 13  3 13  4 14  4 15  5 14  6 14  7 14  8 15  9 15  10 15  11 15  12 15  13 15
0 12  1 12  2 13  2 15  3 13  4 14  5 14  6 14  7 14  8 15  9 15  10 15  11 15  12 15  14 15
0 12  1 12  2 13  2 14  2 15  3 13  4 14  5 14  6 15  7 15  8 15  9 15  10 15  11 15  12 14
0 12  1 12  2 13  2 14  3 13  4 14  5 14  6 15  7 15  8 15  9 15  10 15  11 15  12 14  14 15
0 12  1 12  2 13  3 13  4 14  5 14  6 14  7 15  8 15  9 15  10 15  11 15  12 14  12 15  13 15
0 12  1 12  2 13  3 13  4 14  5 14  6 14  7 15  8 15  9 15  10 15  11 15  12 14  13 15  14 15
0 12  1 12  2 13  3 13  4 14  4 15  5 14  6 15  7 15  8 15  9 15  10 15  11 15  12 14  13 14
0 12  1 12  2 13  3 13  4 14  5 14  6 15  7 15  8 15  9 15  10 15  11 15  12 14  12 15  13 14
0 12  0 14  0 15  1 12  2 13  3 13  4 14  5 14  6 14  7 14  8 15  9 15  10 15  11 15  13 15
0 12  1 12  2 13  3 13  4 14  4 15  5 14  6 14  7 14  8 14  9 15  10 15  11 15  12 15  13 15
0 12  1 12  2 13  2 15  3 13  4 14  5 14  6 14  7 14  8 14  9 15  10 15  11 15  12 15  14 15
0 12  1 12  2 13  2 14  2 15  3 13  4 14  5 14  6 14  7 15  8 15  9 15  10 15  11 15  12 14
0 12  1 12  2 13  3 13  4 14  5 14  6 14  7 14  8 15  9 15  10 15  11 15  12 14  12 15  13 15
0 12  1 12  2 13  3 13  4 14  5 14  6 14  7 14  8 15  9 15  10 15  11 15  12 14  13 15  14 15
0 12  1 12  2 13  3 13  4 14  4 15  5 14  6 14  7 15  8 15  9 15  10 15  11 15  12 14  13 14
0 12  1 12  2 13  3 13  4 14  5 14  6 14  7 15  8 15  9 15  10 15  11 15  12 14  12 15  13 14
0 12  0 13  0 14  1 12  2 13  3 13  4 14  5 14  6 15  7 15  8 15  9 15  10 15  11 15  12 15
0 12  0 13  0 14  1 12  2 13  3 13  4 14  5 14  6 15  7 15  8 15  9 15  10 15  11 15  13 15
0 12  0 13  0 14  1 12  2 13  3 13  4 14  5 14  6 14  7 15  8 15  9 15  10 15  11 15  12 15
0 12  0 13  0 14  1 12  2 13  3 13  4 14  5 14  6 14  7 15  8 15  9 15  10 15  11 15  13 15
0 12  0 13  0 14  1 12  2 13  3 13  4 14  5 14  6 14  7 15  8 15  9 15  10 15  11 15  14 15
0 12  0 13  0 15  1 12  2 13  3 13  4 14  5 14  6 14  7 14  8 15  9 15  10 15  11 15  14 15
0 12  0 13  0 15  1 12  2 13  3 13  4 14  5 14  6 14  7 15  8 15  9 15  10 15  11 15  12 14
0 12  0 13  1 12  2 13  3 13  4 14  5 14  6 14  7 15  8 15  9 15  10 15  11 15  12 14  12 15
0 12  0 13  0 14  1 12  2 13  3 13  4 14  5 14  6 14  7 14  8 15  9 15  10 15  11 15  12 15
0 12  0 13  0 14  1 12  2 13  3 13  4 14  5 14  6 14  7 14  8 15  9 15  10 15  11 15  13 15
0 12  0 13  1 12  2 13  3 13  4 14  5 14  6 14  7 14  8 15  9 15  10 15  11 15  12 14  12 15
0 12  0 14  0 15  1 12  2 13  3 13  4 13  5 14  6 14  7 15  8 15  9 15  10 15  11 15  13 15
0 12  1 12  2 13  2 14  2 15  3 13  4 13  5 14  6 14  7 15  8 15  9 15  10 15  11 15  12 15
0 12  1 12  2 13  3 13  4 13  5 14  5 15  6 14  7 14  8 15  9 15  10 15  11 15  12 15  13 15
0 12  0 15  1 12  2 13  3 13  4 13  5 14  6 14  7 14  8 15  9 15  10 15  11 15  13 15  14 15
0 12  0 14  0 15  1 12  2 13  3 13  4 13  5 14  6 14  7 14  8 15  9 15  10 15  11 15  13 15
0 12  1 12  2 13  2 14  2 15  3 13  4 13  5 14  6 14  7 14  8 15  9 15  10 15  11 15  12 15
0 12  1 12  2 13  3 13  4 13  5 14  5 15  6 14  7 14  8 14  9 15  10 15  11 15  12 15  13 15
0 12  1 12  2 13  2 15  3 13  4 13  5 14  6 14  7 14  8 14  9 15  10 15  11 15  12 15  14 15
0 12  0 15  1 12  2 13  3 13  4 13  5 14  6 14  7 14  8 14  9 15  10 15  11 15  13 15  14 15
0 12  1 12  2 13  2 14  2 15  3 13  4 13  5 14  6 14  7 15  8 15  9 15  10 15  11 15  12 14
0 12  1 12  2 13  2 14  3 13  4 13  5 14  6 14  7 15  8 15  9 15  10 15  11 15  12 14  14 15
0 12  1 12  2 13  3 13  4 13  5 14  6 14  7 14  8 15  9 15  10 15  11 15  12 14  12 15  13 15
0 12  1 12  2 13  3 13  4 13  5 14  6 14  7 14  8 15  9 15  10 15  11 15  12 14  13 15  14 15
0 12  0 14  0 15  1 12  2 13  3 13  4 13  5 14  6 14  7 15  8 15  9 15  10 15  11 15  13 14
0 12  0 14  1 12  2 13  3 13  4 13  5 14  6 14  7 15  8 15  9 15  10 15  11 15  13 14  14 15
0 12  1 12  2 13  3 13  4 13  5 14  6 14  7 14  8 15  9 15  10 15  11 15  12 15  13 14  13 15
0 12  1 12  2 13  2 14  2 15  3 13  4 13  5 14  6 14  7 14  8 15  9 15  10 15  11 15  12 14
0 12  0 14  0 15  1 12  2 13  3 13  4 13  5 14  6 14  7 14  8 15  9 15  10 15  11 15  13 14
0 12  1 12  2 13  3 13  4 13  5 14  5 15  6 14  7 14  8 15  9 15  10 15  11 15  12 14  13 14
0 12  1 12  2 13  3 13  4 13  5 14  6 14  7 14  8 15  9 15  10 15  11 15  12 14  12 15  13 14
0 12  0 14  0 15  1 12  2 13  3 13  4 14  5 14  6 15  7 15  8 15  9 15  10 15  11 15  12 13
0 12  0 14  1 12  2 13  3 13  4 14  5 14  6 15  7 15  8 15  9 15  10 15  11 15  12 13  12 15
0 12  1 12  2 13  3 13  4 14  5 14  6 14  7 15  8 15  9 15  10 15  11 15  12 13  12 15  14 15
0 12  0 14  0 15  1 12  2 13  3 13  4 14  5 14  6 14  7 15  8 15  9 15  10 15  11 15  12 13
0 12  0 14  1 12  2 13  3 13  4 14  5 14  6 14  7 15  8 15  9 15  10 15  11 15  12 13  12 15
0 12  1 12  2 13  3 13  4 14  5 14  6 14  7 14  8 15  9 15  10 15  11 15  12 13  12 15  14 15
0 12  0 15  1 12  2 13  3 13  4 14  5 14  6 14  7 15  8 15  9 15  10 15  11 15  12 13  12 14
0 12  1 12  2 13  3 13  4 14  5 14  6 14  7 15  8 15  9 15  10 15  11 15  12 13  12 14  13 15
0 12  1 12  2 13  3 13  4 14  5 14  6 14  7 15  8 15  9 15  10 15  11 15  12 13  12 14  14 15
0 12  0 14  0 15  1 12  2 13  3 13  4 14  5 14  6 14  7 14  8 15  9 15  10 15  11 15  12 13
0 12  0 15  1 12  2 13  3 13  4 14  5 14  6 14  7 14  8 15  9 15  10 15  11 15  12 13  12 14
0 12  1 12  2 13  3 13  4 14  5 14  6 14  7 14  8 15  9 15  10 15  11 15  12 13  12 14  13 15
0 12  0 13  0 14  1 12  2 13  3 13  4 13  5 14  6 14  7 14  8 15  9 15  10 15  11 15  12 15
0 12  0 13  0 14  1 12  2 13  3 13  4 13  5 14  6 14  7 14  8 15  9 15  10 15  11 15  13 15
0 12  1 12  2 13  2 14  2 15  3 13  4 13  5 13  6 14  7 14  8 14  9 15  10 15  11 15  12 15
0 12  1 12  2 13  3 13  4 13  5 13  6 14  6 15  7 14  8 14  9 14  10 15  11 15  12 15  13 15
0 12  0 15  1 12  2 13  3 13  4 13  5 13  6 14  7 14  8 14  9 14  10 15  11 15  13 15  14 15
0 12  0 14  0 15  1 12  2 13  3 13  4 13  5 14  6 14  7 14  8 15  9 15  10 15  11 15  12 13
0 12  0 14  1 12  2 13  3 13  4 13  5 14  6 14  7 14  8 15  9 15  10 15  11 15  12 13  12 15
0 12  1 12  2 13  2 14  2 15  3 13  4 13  5 14  6 14  7 14  8 15  9 15  10 15  11 15  12 13
0 12  1 12  2 13  3 13  4 13  5 14  6 14  7 14  8 14  9 15  10 15  11 15  12 13  13 15  14 15
0 12  0 15  1 12  2 13  3 13  4 13  5 14  6 14  7 14  8 15  9 15  10 15  11 15  12 13  12 14
0 12  1 12  2 13  3 13  4 13  5 14  6 14  7 14  8 15  9 15  10 15  11 15  12 13  12 14  13 15
0 12  0 13  0 14  1 12  2 12  3 13  4 13  5 14  6 14  7 15  8 15  9 15  10 15  11 15  12 15
0 12  0 13  0 15  1 12  2 12  3 13  4 13  5 14  6 14  7 14  8 15  9 15  10 15  11 15  14 15
0 12  0 13  0 14  1 12  2 12  3 13  4 13  5 14  6 14  7 14  8 15  9 15  10 15  11 15  12 15
0 12  0 13  0 14  1 12  2 12  3 13  4 13  5 14  6 14  7 14  8 15  9 15  10 15  11 15  14 15
0 12  1 12  2 12  3 13  4 13  5 13  6 14  6 15  7 14  8 14  9 15  10 15  11 15  12 15  13 15
0 12  0 14  0 15  1 12  2 12  3 13  4 13  5 13  6 14  7 14  8 14  9 15  10 15  11 15  13 15
0 12  1 12  2 12  3 13  4 13  5 13  6 14  6 15  7 14  8 14  9 14  10 15  11 15  12 15  13 15
0 12  1 12  2 12  3 13  3 15  4 13  5 13  6 14  7 14  8 14  9 14  10 15  11 15  12 15  14 15
0 12  1 12  2 12  3 13  3 14  3 15  4 13  5 13  6 14  7 14  8 15  9 15  10 15  11 15  12 14
0 12  1 12  2 12  3 13  4 13  5 13  6 14  7 14  8 14  9 15  10 15  11 15  12 14  12 15  13 15
0 12  0 13  0 14  1 12  2 12  3 13  4 13  5 13  6 14  7 14  8 14  9 15  10 15  11 15  12 15
0 11  0 14  0 15  1 12  1 15  2 13  2 15  3 14  4 15  5 15  6 15  7 15  8 15  9 15  10 15
0 11  0 15  1 12  1 15  2 13  2 15  3 14  3 15  4 14  5 15  6 15  7 15  8 15  9 15  10 15
0 11  0 14  0 15  1 12  1 14  2 13  2 14  3 15  4 15  5 15  6 15  7 15  8 15  9 15  10 15
0 11  0 14  1 12  1 14  2 13  2 15  3 14  4 15  5 15  6 15  7 15  8 15  9 15  10 15  14 15
0 11  0 14  0 15  1 12  1 15  2 13  2 15  3 14  4 14  5 15  6 15  7 15  8 15  9 15  10 15
0 11  0 14  1 12  1 15  2 13  2 15  3 14  4 14  5 15  6 15  7 15  8 15  9 15  10 15  14 15
0 11  0 15  1 12  1 15  2 13  2 15  3 14  3 15  4 14  5 14  6 15  7 15  8 15  9 15  10 15
0 11  0 14  0 15  1 12  1 14  2 13  2 14  3 14  4 15  5 15  6 15  7 15  8 15  9 15  10 15
0 11  0 14  1 12  1 14  2 13  2 14  3 14  3 15  4 15  5 15  6 15  7 15  8 15  9 15  10 15
0 11  0 14  1 12  1 14  2 13  2 15  3 14  4 14  5 15  6 15  7 15  8 15  9 15  10 15  14 15
0 11  0 14  0 15  1 12  1 15  2 13  2 15  3 14  4 14  5 14  6 15  7 15  8 15  9 15  10 15
0 11  0 14  1 12  1 15  2 13  2 15  3 14  4 14  5 14  6 15  7 15  8 15  9 15  10 15  14 15
0 11  0 15  1 12  1 15  2 13  2 15  3 14  3 15  4 14  5 14  6 14  7 15  8 15  9 15  10 15
0 11  0 14  0 15  1 12  1 14  2 13  2 14  3 14  4 14  5 15  6 15  7 15  8 15  9 15  10 15
0 11  0 14  1 12  1 14  2 13  2 14  3 14  3 15  4 14  5 15  6 15  7 15  8 15  9 15  10 15
0 11  0 14  1 12  1 14  2 13  2 15  3 14  4 14  5 14  6 15  7 15  8 15  9 15  10 15  14 15
0 11  0 14  0 15  1 12  1 15  2 13  2 15  3 14  4 14  5 14  6 14  7 15  8 15  9 15  10 15
0 11  0 14  1 12  1 15  2 13  2 15  3 14  4 14  5 14  6 14  7 15  8 15  9 15  10 15  14 15
0 11  0 15  1 12  1 15  2 13  2 15  3 14  3 15  4 14  5 14  6 14  7 14  8 15  9 15  10 15
0 11  0 14  0 15  1 12  1 15  2 13  2 15  3 14  4 14  5 14  6 14  7 14  8 15  9 15  10 15
0 11  0 15  1 12  1 15  2 13  2 15  3 14  3 15  4 14  5 14  6 14  7 14  8 14  9 15  10 15
0 11  0 13  0 15  1 12  1 15  2 13  3 14  4 14  5 15  6 15  7 15  8 15  9 15  10 15  14 15
0 11  0 13  0 14  0 15  1 12  1 14  2 13  3 14  4 15  5 15  6 15  7 15  8 15  9 15  10 15
0 11  0 13  0 15  1 12  1 15  2 13  3 14  4 14  5 14  6 15  7 15  8 15  9 15  10 15  14 15
0 11  0 13  0 14  0 15  1 12  1 14  2 13  3 14  4 14  5 15  6 15  7 15  8 15  9 15  10 15
0 11  0 13  0 14  1 12  1 14  2 13  3 14  4 14  5 15  6 15  7 15  8 15  9 15  10 15  14 15
0 11  0 13  0 14  0 15  1 12  1 15  2 13  3 14  4 14  5 14  6 15  7 15  8 15  9 15  10 15
0 11  0 13  0 15  1 12  1 15  2 13  3 14  4 14  5 14  6 14  7 15  8 15  9 15  10 15  14 15
0 11  0 13  0 14  0 15  1 12  1 14  2 13  3 14  4 14  5 14  6 15  7 15  8 15  9 15  10 15
0 11  0 13  0 14  0 15  1 12  1 15  2 13  3 14  4 14  5 14  6 14  7 15  8 15  9 15  10 15
0 11  0 13  0 15  1 12  1 15  2 13  3 14  4 14  5 14  6 14  7 14  8 15  9 15  10 15  14 15
0 11  0 15  1 12  1 15  2 13  2 14  2 15  3 13  4 14  5 15  6 15  7 15  8 15  9 15  10 15
0 11  0 15  1 12  1 15  2 13  3 13  4 14  4 15  5 14  6 15  7 15  8 15  9 15  10 15  13 15
0 11  0 14  1 12  1 14  2 13  2 14  2 15  3 13  4 15  5 15  6 15  7 15  8 15  9 15  10 15
0 11  0 14  1 12  1 14  2 13  2 14  3 13  4 15  5 15  6 15  7 15  8 15  9 15  10 15  14 15
0 11  0 14  1 12  1 14  2 13  3 13  4 14  5 15  6 15  7 15  8 15  9 15  10 15  13 15  14 15
0 11  0 14  0 15  1 12  1 15  2 13  3 13  4 14  5 14  6 15  7 15  8 15  9 15  10 15  13 15
0 11  0 14  1 12  1 15  2 13  3 13  4 14  5 14  6 15  7 15  8 15  9 15  10 15  13 15  14 15
0 11  0 15  1 12  1 15  2 13  2 14  2 15  3 13  4 14  5 14  6 15  7 15  8 15  9 15  10 15
0 11  0 15  1 12  1 15  2 13  3 13  4 14  4 15  5 14  6 14  7 15  8 15  9 15  10 15  13 15
0 11  0 15  1 12  1 15  2 13  2 15  3 13  4 14  5 14  6 14  7 15  8 15  9 15  10 15  14 15
0 11  0 14  0 15  1 12  1 14  2 13  3 13  4 15  5 15  6 15  7 15  8 15  9 15  10 15  13 14
0 11  0 14  1 12  1 14  2 13  3 13  4 15  5 15  6 15  7 15  8 15  9 15  10 15  13 14  13 15
0 11  0 14  1 12  1 15  2 13  3 13  4 14  5 15  6 15  7 15  8 15  9 15  10 15  13 14  14 15
0 11  0 15  1 12  1 15  2 13  3 13  4 14  5 14  6 15  7 15  8 15  9 15  10 15  13 14  13 15
0 11  0 14  1 12  1 14  2 13  2 14  2 15  3 13  4 14  5 15  6 15  7 15  8 15  9 15  10 15
0 11  0 14  1 12  1 14  2 13  2 14  3 13  4 14  5 15  6 15  7 15  8 15  9 15  10 15  14 15
0 11  0 14  1 12  1 14  2 13  3 13  4 14  5 14  6 15  7 15  8 15  9 15  10 15  13 15  14 15
0 11  0 14  0 15  1 12  1 15  2 13  3 13  4 14  5 14  6 14  7 15  8 15  9 15  10 15  13 15
0 11  0 14  1 12  1 15  2 13  3 13  4 14  5 14  6 14  7 15  8 15  9 15  10 15  13 15  14 15
0 11  0 15  1 12  1 15  2 13  2 14  2 15  3 13  4 14  5 14  6 14  7 15  8 15  9 15  10 15
0 11  0 15  1 12  1 15  2 13  3 13  4 14  4 15  5 14  6 14  7 14  8 15  9 15  10 15  13 15
0 11  0 15  1 12  1 15  2 13  2 15  3 13  4 14  5 14  6 14  7 14  8 15  9 15  10 15  14 15
0 11  0 14  0 15  1 12  1 14  2 13  3 13  4 14  5 15  6 15  7 15  8 15  9 15  10 15  13 14
0 11  0 14  1 12  1 14  2 13  3 13  4 14  4 15  5 15  6 15  7 15  8 15  9 15  10 15  13 14
0 11  0 14  1 12  1 14  2 13  3 13  4 14  5 15  6 15  7 15  8 15  9 15  10 15  13 14  13 15
0 11  0 14  1 12  1 15  2 13  3 13  4 14  5 14  6 15  7 15  8 15  9 15  10 15  13 14  14 15
0 11  0 15  1 12  1 15  2 13  3 13  4 14  5 14  6 14  7 15  8 15  9 15  10 15  13 14  13 15
0 11  0 15  1 12  1 15  2 13  3 13  4 14  5 14  6 14  7 15  8 15  9 15  10 15  13 14  14 15
0 11  0 14  1 12  1 14  2 13  2 14  2 15  3 13  4 14  5 14  6 15  7 15  8 15  9 15  10 15
0 11  0 14  0 15  1 12  1 15  2 13  3 13  4 14  5 14  6 14  7 14  8 15  9 15  10 15  13 15
0 11  0 15  1 12  1 15  2 13  2 14  2 15  3 13  4 14  5 14  6 14  7 14  8 15  9 15  10 15
0 11  0 15  1 12  1 15  2 13  3 13  4 14  4 15  5 14  6 14  7 14  8 14  9 15  10 15  13 15
0 11  0 15  1 12  1 15  2 13  2 15  3 13  4 14  5 14  6 14  7 14  8 14  9 15  10 15  14 15
0 11  0 14  0 15  1 12  1 14  2 13  3 13  4 14  5 14  6 15  7 15  8 15  9 15  10 15  13 14
0 11  0 14  1 12  1 14  2 13  3 13  4 14  4 15  5 14  6 15  7 15  8 15  9 15  10 15  13 14
0 11  0 14  1 12  1 14  2 13  3 13  4 14  5 14  6 15  7 15  8 15  9 15  10 15  13 14  13 15
0 11  0 14  1 12  1 15  2 13  3 13  4 14  5 14  6 14  7 15  8 15  9 15  10 15  13 14  14 15
0 11  0 15  1 12  1 15  2 13  3 13  4 14  5 14  6 14  7 14  8 15  9 15  10 15  13 14  13 15
0 11  0 15  1 12  1 15  2 13  3 13  4 14  5 14  6 14  7 14  8 15  9 15  10 15  13 14  14 15
0 11  0 13  0 14  0 15  1 12  1 13  2 13  3 14  4 14  5 14  6 15  7 15  8 15  9 15  10 15
0 11  0 13  0 14  1 12  1 13  2 13  3 14  4 14  5 14  6 15  7 15  8 15  9 15  10 15  13 15
0 11  0 13  1 12  1 13  2 13  2 14  2 15  3 14  4 14  5 14  6 15  7 15  8 15  9 15  10 15
0 11  0 13  1 12  1 13  2 13  2 14  3 14  4 14  5 14  6 15  7 15  8 15  9 15  10 15  13 15
0 11  0 13  1 12  1 13  2 13  3 14  4 14  5 14  6 14  7 15  8 15  9 15  10 15  13 15  14 15
0 11  0 13  0 14  0 15  1 12  1 13  2 13  3 14  4 14  5 14  6 14  7 15  8 15  9 15  10 15
0 11  0 13  1 12  1 13  2 13  2 14  2 15  3 14  4 14  5 14  6 14  7 15  8 15  9 15  10 15
0 11  0 13  0 15  1 12  1 13  2 13  3 14  4 14  5 14  6 14  7 15  8 15  9 15  10 15  13 14
0 11  0 13  1 12  1 13  2 13  2 15  3 14  4 14  5 14  6 14  7 15  8 15  9 15  10 15  13 14
0 11  0 13  0 14  0 15  1 12  1 14  2 13  3 13  4 14  5 15  6 15  7 15  8 15  9 15  10 15
0 11  0 13  0 14  1 12  1 14  2 13  3 13  4 14  5 15  6 15  7 15  8 15  9 15  10 15  14 15
0 11  0 13  0 14  0 15  1 12  1 15  2 13  3 13  4 14  5 14  6 15  7 15  8 15  9 15  10 15
0 11  0 13  0 14  0 15  1 12  1 14  2 13  3 13  4 14  5 14  6 15  7 15  8 15  9 15  10 15
0 11  0 13  0 14  1 12  1 14  2 13  3 13  4 14  5 14  6 15  7 15  8 15  9 15  10 15  14 15
0 11  0 13  0 14  0 15  1 12  1 15  2 13  3 13  4 14  5 14  6 14  7 15  8 15  9 15  10 15
0 11  0 13  0 15  1 12  1 15  2 13  3 13  4 14  5 14  6 14  7 14  8 15  9 15  10 15  14 15
0 11  0 13  1 12  1 15  2 13  3 13  4 14  5 14  6 14  7 14  8 15  9 15  10 15  13 15  14 15
0 11  0 13  1 12  1 14  2 13  3 13  4 14  5 14  6 15  7 15  8 15  9 15  10 15  13 14  13 15
0 11  0 13  0 14  0 15  1 12  1 15  2 13  3 13  4 14  5 14  6 14  7 14  8 15  9 15  10 15
0 11  0 14  1 12  1 14  2 13  2 14  2 15  3 13  4 13  5 15  6 15  7 15  8 15  9 15  10 15
0 11  0 14  1 12  1 14  2 13  2 14  3 13  4 13  5 15  6 15  7 15  8 15  9 15  10 15  14 15
0 11  0 14  1 12  1 14  2 13  3 13  4 13  5 14  6 15  7 15  8 15  9 15  10 15  13 15  14 15
0 11  0 14  0 15  1 12  1 15  2 13  3 13  4 13  5 14  6 14  7 15  8 15  9 15  10 15  13 15
0 11  0 14  1 12  1 15  2 13  3 13  4 13  5 14  6 14  7 15  8 15  9 15  10 15  13 15  14 15
0 11  0 15  1 12  1 15  2 13  2 14  2 15  3 13  4 13  5 14  6 14  7 15  8 15  9 15  10 15
0 11  0 15  1 12  1 15  2 13  3 13  4 13  5 14  5 15  6 14  7 14  8 15  9 15  10 15  13 15
0 11  0 14  1 12  1 14  2 13  2 14  2 15  3 13  4 13  5 14  6 15  7 15  8 15  9 15  10 15
0 11  0 14  1 12  1 14  2 13  2 14  3 13  4 13  5 14  6 15  7 15  8 15  9 15  10 15  14 15
0 11  0 14  1 12  1 14  2 13  3 13  4 13  5 14  6 14  7 15  8 15  9 15  10 15  13 15  14 15
0 11  0 14  0 15  1 12  1 15  2 13  3 13  4 13  5 14  6 14  7 14  8 15  9 15  10 15  13 15
0 11  0 14  1 12  1 15  2 13  3 13  4 13  5 14  6 14  7 14  8 15  9 15  10 15  13 15  14 15
0 11  0 15  1 12  1 15  2 13  2 14  2 15  3 13  4 13  5 14  6 14  7 14  8 15  9 15  10 15
0 11  0 15  1 12  1 15  2 13  3 13  4 13  5 14  5 15  6 14  7 14  8 14  9 15  10 15  13 15
0 11  0 15  1 12  1 15  2 13  2 15  3 13  4 13  5 14  6 14  7 14  8 14  9 15  10 15  14 15
0 11  0 14  0 15  1 12  1 14  2 13  3 13  4 13  5 14  6 15  7 15  8 15  9 15  10 15  13 14
0 11  0 14  1 12  1 14  2 13  3 13  4 13  5 14  5 15  6 15  7 15  8 15  9 15  10 15  13 14
0 11  0 14  1 12  1 14  2 13  3 13  4 13  5 14  6 15  7 15  8 15  9 15  10 15  13 14  13 15
0 11  0 14  1 12  1 15  2 13  3 13  4 13  5 14  6 14  7 15  8 15  9 15  10 15  13 14  14 15
0 11  0 15  1 12  1 15  2 13  3 13  4 13  5 14  6 14  7 14  8 15  9 15  10 15  13 14  13 15
0 11  0 14  0 15  1 12  1 15  2 13  3 13  4 13  5 14  6 14  7 14  8 14  9 15  10 15  13 15
0 11  0 15  1 12  1 15  2 13  2 14  2 15  3 13  4 13  5 14  6 14  7 14  8 14  9 15  10 15
0 11  0 15  1 12  1 15  2 13  3 13  4 13  5 14  5 15  6 14  7 14  8 14  9 14  10 15  13 15
0 11  0 13  0 14  0 15  1 12  1 14  2 13  3 13  4 13  5 14  6 14  7 15  8 15  9 15  10 15
0 11  0 13  0 14  0 15  1 12  1 15  2 13  3 13  4 13  5 14  6 14  7 14  8 15  9 15  10 15
0 11  0 14  1 12  1 14  2 13  2 14  2 15  3 13  4 13  5 13  6 14  7 15  8 15  9 15  10 15
0 11  0 14  1 12  1 14  2 13  3 13  4 13  5 13  6 14  7 14  8 15  9 15  10 15  13 15  14 15
0 11  0 14  0 15  1 12  1 15  2 13  3 13  4 13  5 13  6 14  7 14  8 14  9 15  10 15  13 15
0 11  0 14  1 12  1 15  2 13  3 13  4 13  5 13  6 14  7 14  8 14  9 15  10 15  13 15  14 15
0 11  0 15  1 12  1 15  2 13  2 14  2 15  3 13  4 13  5 13  6 14  7 14  8 14  9 15  10 15
0 11  0 15  1 12  1 15  2 13  3 13  4 13  5 13  6 14  6 15  7 14  8 14  9 14  10 15  13 15
0 11  0 12  1 12  1 13  1 14  1 15  2 13  3 14  4 14  5 14  6 15  7 15  8 15  9 15  10 15
0 11  0 12  1 12  1 13  1 14  2 13  3 14  4 14  5 14  6 15  7 15  8 15  9 15  10 15  12 15
0 11  0 12  1 12  1 13  1 14  1 15  2 13  3 14  4 14  5 14  6 14  7 15  8 15  9 15  10 15
0 11  0 12  1 12  1 13  1 14  2 13  3 14  4 14  5 14  6 14  7 15  8 15  9 15  10 15  12 15
0 11  0 12  0 15  1 12  2 13  3 13  4 14  5 14  6 15  7 15  8 15  9 15  10 15  13 15  14 15
0 11  0 12  0 15  1 12  2 13  3 13  4 14  5 14  6 14  7 15  8 15  9 15  10 15  13 15  14 15
0 11  0 12  0 14  0 15  1 12  2 13  3 13  4 14  5 14  6 14  7 15  8 15  9 15  10 15  13 15
0 11  0 12  0 15  1 12  2 13  3 13  4 14  5 14  6 14  7 14  8 15  9 15  10 15  13 15  14 15
0 11  0 12  0 14  0 15  1 12  2 13  3 13  4 14  5 14  6 15  7 15  8 15  9 15  10 15  13 14
0 11  0 12  0 14  1 12  2 13  3 13  4 14  5 14  6 15  7 15  8 15  9 15  10 15  13 14  14 15
0 11  0 12  0 14  0 15  1 12  2 13  3 13  4 14  5 14  6 14  7 15  8 15  9 15  10 15  13 14
0 11  0 12  1 12  1 13  1 14  1 15  2 13  3 13  4 14  5 14  6 15  7 15  8 15  9 15  10 15
0 11  0 12  1 12  1 13  1 14  2 13  3 13  4 14  5 14  6 15  7 15  8 15  9 15  10 15  12 15
0 11  0 12  1 12  1 13  1 14  1 15  2 13  3 13  4 14  5 14  6 14  7 15  8 15  9 15  10 15
0 11  0 12  1 12  1 13  1 14  2 13  3 13  4 14  5 14  6 14  7 15  8 15  9 15  10 15  12 15
0 11  0 12  1 12  1 13  1 15  2 13  3 13  4 14  5 14  6 14  7 15  8 15  9 15  10 15  12 14
0 11  0 12  1 12  1 13  2 13  3 13  4 14  5 14  6 14  7 15  8 15  9 15  10 15  12 14  12 15
0 11  0 12  0 15  1 12  2 13  3 13  4 13  5 14  6 14  7 14  8 15  9 15  10 15  13 15  14 15
0 11  0 12  0 14  0 15  1 12  2 13  3 13  4 13  5 14  6 14  7 14  8 15  9 15  10 15  13 15
0 11  0 12  0 15  1 12  2 13  3 13  4 13  5 14  6 14  7 14  8 14  9 15  10 15  13 15  14 15
0 11  0 12  0 14  0 15  1 12  2 13  3 13  4 13  5 14  6 14  7 15  8 15  9 15  10 15  13 14
0 11  0 12  0 13  1 12  2 13  3 13  4 13  5 14  6 14  7 14  8 15  9 15  10 15  11 14  11 15
0 11  0 15  1 12  1 13  1 15  2 12  3 13  4 14  5 14  6 15  7 15  8 15  9 15  10 15  14 15
0 11  0 15  1 12  1 13  1 15  2 12  3 13  4 14  5 14  6 14  7 15  8 15  9 15  10 15  14 15
0 11  0 14  1 12  1 13  1 14  1 15  2 12  3 13  4 14  5 14  6 15  7 15  8 15  9 15  10 15
0 11  0 14  1 12  1 13  1 14  2 12  3 13  4 14  5 14  6 15  7 15  8 15  9 15  10 15  14 15
0 11  0 15  1 12  1 13  1 14  1 15  2 12  3 13  4 14  5 14  6 14  7 15  8 15  9 15  10 15
0 11  0 15  1 12  1 13  1 15  2 12  3 13  4 14  5 14  6 14  7 14  8 15  9 15  10 15  14 15
0 11  0 15  1 12  1 13  1 14  1 15  2 12  3 13  4 14  5 14  6 14  7 14  8 15  9 15  10 15
0 11  0 15  1 12  2 12  3 13  4 13  5 14  5 15  6 14  7 15  8 15  9 15  10 15  12 15  13 15
0 11  0 14  0 15  1 12  2 12  3 13  4 13  5 14  6 14  7 15  8 15  9 15  10 15  12 15  13 15
0 11  0 14  1 12  2 12  3 13  4 13  5 14  6 14  7 15  8 15  9 15  10 15  12 15  13 15  14 15
0 11  0 15  1 12  1 14  1 15  2 12  3 13  4 13  5 14  6 14  7 15  8 15  9 15  10 15  13 15
0 11  0 15  1 12  2 12  3 13  4 13  5 14  5 15  6 14  7 14  8 15  9 15  10 15  12 15  13 15
0 11  0 15  1 12  2 12  3 13  3 15  4 13  5 14  6 14  7 14  8 15  9 15  10 15  12 15  14 15
0 11  0 14  1 12  2 12  3 13  3 14  3 15  4 13  5 15  6 15  7 15  8 15  9 15  10 15  12 14
0 11  0 14  1 12  2 12  3 13  3 14  4 13  5 15  6 15  7 15  8 15  9 15  10 15  12 14  14 15
0 11  0 14  1 12  2 12  3 13  4 13  5 14  6 15  7 15  8 15  9 15  10 15  12 14  13 15  14 15
0 11  0 15  1 12  2 12  3 13  4 13  5 14  6 14  7 15  8 15  9 15  10 15  12 14  12 15  13 15
0 11  0 14  0 15  1 12  2 12  3 13  4 13  5 14  6 14  7 14  8 15  9 15  10 15  12 15  13 15
0 11  0 14  1 12  2 12  3 13  4 13  5 14  6 14  7 14  8 15  9 15  10 15  12 15  13 15  14 15
0 11  0 15  1 12  1 14  1 15  2 12  3 13  4 13  5 14  6 14  7 14  8 15  9 15  10 15  13 15
0 11  0 15  1 12  2 12  3 13  4 13  5 14  5 15  6 14  7 14  8 14  9 15  10 15  12 15  13 15
0 11  0 15  1 12  2 12  3 13  3 15  4 13  5 14  6 14  7 14  8 14  9 15  10 15  12 15  14 15
0 11  0 14  1 12  2 12  3 13  3 14  3 15  4 13  5 14  6 15  7 15  8 15  9 15  10 15  12 14
0 11  0 14  1 12  2 12  3 13  3 14  4 13  5 14  6 15  7 15  8 15  9 15  10 15  12 14  14 15
0 11  0 14  1 12  2 12  3 13  4 13  5 14  6 14  7 15  8 15  9 15  10 15  12 14  13 15  14 15
0 11  0 15  1 12  2 12  3 13  4 13  5 14  6 14  7 14  8 15  9 15  10 15  12 14  12 15  13 15
0 11  0 15  1 12  2 12  3 13  4 13  5 14  6 14  7 14  8 15  9 15  10 15  12 14  13 15  14 15
0 11  0 14  0 15  1 12  2 12  3 13  4 13  5 14  6 15  7 15  8 15  9 15  10 15  12 14  13 14
0 11  0 14  1 12  2 12  3 13  4 13  5 14  5 15  6 15  7 15  8 15  9 15  10 15  12 14  13 14
0 11  0 14  1 12  2 12  3 13  4 13  5 14  6 15  7 15  8 15  9 15  10 15  12 14  12 15  13 14
0 11  0 15  1 12  2 12  3 13  4 13  5 14  6 14  7 15  8 15  9 15  10 15  12 14  13 14  14 15
0 11  0 14  0 15  1 12  2 12  3 13  4 13  5 14  6 14  7 14  8 14  9 15  10 15  12 15  13 15
0 11  0 15  1 12  1 14  1 15  2 12  3 13  4 13  5 14  6 14  7 14  8 14  9 15  10 15  13 15
0 11  0 15  1 12  2 12  3 13  4 13  5 14  5 15  6 14  7 14  8 14  9 14  10 15  12 15  13 15
0 11  0 15  1 12  2 12  3 13  4 13  5 14  6 14  7 14  8 14  9 15  10 15  12 14  12 15  13 15
0 11  0 13  1 12  1 13  1 14  1 15  2 12  3 13  4 14  5 14  6 14  7 15  8 15  9 15  10 15
0 11  0 13  1 12  1 13  1 14  2 12  3 13  4 14  5 14  6 14  7 15  8 15  9 15  10 15  13 15
0 11  0 13  0 14  0 15  1 12  2 12  3 13  4 13  5 14  6 14  7 15  8 15  9 15  10 15  12 15
0 11  0 13  0 14  0 15  1 12  2 12  3 13  4 13  5 14  6 14  7 14  8 15  9 15  10 15  12 15
0 11  0 13  0 14  0 15  1 12  2 12  3 13  4 13  5 14  6 14  7 15  8 15  9 15  10 15  12 14
0 11  0 13  0 14  1 12  2 12  3 13  4 13  5 14  6 14  7 15  8 15  9 15  10 15  12 14  14 15
0 11  0 14  1 12  1 13  1 14  1 15  2 12  3 13  4 13  5 14  6 15  7 15  8 15  9 15  10 15
0 11  0 14  1 12  1 13  1 14  2 12  3 13  4 13  5 14  6 15  7 15  8 15  9 15  10 15  14 15
0 11  0 15  1 12  1 13  1 14  1 15  2 12  3 13  4 13  5 14  6 14  7 15  8 15  9 15  10 15
0 11  0 14  1 12  1 13  1 14  1 15  2 12  3 13  4 13  5 14  6 14  7 15  8 15  9 15  10 15
0 11  0 15  1 12  1 13  1 14  1 15  2 12  3 13  4 13  5 14  6 14  7 14  8 15  9 15  10 15
0 11  0 15  1 12  1 13  1 15  2 12  3 13  4 13  5 14  6 14  7 14  8 14  9 15  10 15  14 15
0 11  0 14  0 15  1 12  2 12  3 13  4 13  5 13  6 14  7 14  8 15  9 15  10 15  12 15  13 15
0 11  0 14  1 12  2 12  3 13  4 13  5 13  6 14  7 14  8 15  9 15  10 15  12 15  13 15  14 15
0 11  0 15  1 12  1 14  1 15  2 12  3 13  4 13  5 13  6 14  7 14  8 15  9 15  10 15  13 15
0 11  0 15  1 12  2 12  3 13  3 14  3 15  4 13  5 13  6 14  7 14  8 15  9 15  10 15  12 15
0 11  0 15  1 12  2 12  3 13  4 13  5 13  6 14  6 15  7 14  8 14  9 15  10 15  12 15  13 15
0 11  0 15  1 12  1 15  2 12  3 13  4 13  5 13  6 14  7 14  8 14  9 15  10 15  13 15  14 15
0 11  0 14  0 15  1 12  2 12  3 13  4 13  5 13  6 14  7 14  8 14  9 15  10 15  12 15  13 15
0 11  0 15  1 12  1 14  1 15  2 12  3 13  4 13  5 13  6 14  7 14  8 14  9 15  10 15  13 15
0 11  0 15  1 12  2 12  3 13  3 14  3 15  4 13  5 13  6 14  7 14  8 14  9 15  10 15  12 15
0 11  0 15  1 12  2 12  3 13  4 13  5 13  6 14  6 15  7 14  8 14  9 14  10 15  12 15  13 15
0 11  0 15  1 12  2 12  3 13  3 15  4 13  5 13  6 14  7 14  8 14  9 14  10 15  12 15  14 15
0 11  0 15  1 12  1 15  2 12  3 13  4 13  5 13  6 14  7 14  8 14  9 14  10 15  13 15  14 15
0 11  0 14  1 12  2 12  3 13  3 14  3 15  4 13  5 13  6 14  7 15  8 15  9 15  10 15  12 14
0 11  0 15  1 12  2 12  3 13  4 13  5 13  6 14  7 14  8 14  9 15  10 15  12 14  12 15  13 15
0 11  0 15  1 12  2 12  3 13  4 13  5 13  6 14  7 14  8 14  9 15  10 15  12 14  13 15  14 15
0 11  0 14  1 12  1 14  1 15  2 12  3 13  4 13  5 13  6 14  7 15  8 15  9 15  10 15  13 14
0 11  0 15  1 12  2 12  3 13  4 13  5 13  6 14  7 14  8 14  9 15  10 15  12 15  13 14  13 15
0 11  0 14  0 15  1 12  2 12  3 13  4 13  5 13  6 14  7 15  8 15  9 15  10 15  12 14  13 14
0 11  0 14  1 12  2 12  3 13  4 13  5 13  6 14  6 15  7 15  8 15  9 15  10 15  12 14  13 14
0 11  0 14  1 12  2 12  3 13  4 13  5 13  6 14  7 15  8 15  9 15  10 15  12 14  12 15  13 14
0 11  0 14  1 12  2 12  3 13  4 13  5 13  6 14  7 15  8 15  9 15  10 15  12 14  13 14  13 15
0 11  0 13  0 14  0 15  1 12  2 12  3 13  4 14  5 14  6 15  7 15  8 15  9 15  10 15  12 13
0 11  0 13  1 12  2 12  3 13  3 14  3 15  4 14  5 14  6 15  7 15  8 15  9 15  10 15  12 13
0 11  0 13  1 12  2 12  3 13  3 14  4 14  5 14  6 15  7 15  8 15  9 15  10 15  12 13  13 15
0 11  0 13  1 12  2 12  3 13  4 14  5 14  6 14  7 15  8 15  9 15  10 15  12 13  13 15  14 15
0 11  0 13  0 14  0 15  1 12  2 12  3 13  4 14  5 14  6 14  7 15  8 15  9 15  10 15  12 13
0 11  0 13  0 14  1 12  2 12  3 13  4 14  5 14  6 14  7 15  8 15  9 15  10 15  12 13  13 15
0 11  0 13  1 12  2 12  3 13  3 14  3 15  4 14  5 14  6 14  7 15  8 15  9 15  10 15  12 13
0 11  0 13  1 12  2 12  3 13  3 14  4 14  5 14  6 14  7 15  8 15  9 15  10 15  12 13  13 15
0 11  0 15  1 12  2 12  3 13  4 13  5 14  6 14  7 14  8 15  9 15  10 15  12 13  12 15  14 15
0 11  0 15  1 12  2 12  3 13  4 13  5 14  6 14  7 14  8 14  9 15  10 15  12 13  12 15  14 15
0 11  0 14  1 12  2 12  3 13  4 13  5 14  6 14  7 15  8 15  9 15  10 15  12 13  12 14  12 15
0 11  0 15  1 12  2 12  3 13  4 13  5 14  6 14  7 14  8 15  9 15  10 15  12 13  12 14  12 15
0 11  0 15  1 12  2 12  3 13  3 14  3 15  4 13  5 13  6 13  7 14  8 14  9 14  10 15  12 15
0 11  0 12  0 13  0 15  1 12  2 12  3 13  4 13  5 14  6 14  7 14  8 15  9 15  10 15  14 15
0 11  0 12  0 13  0 15  1 12  2 12  3 13  4 13  5 14  6 14  7 15  8 15  9 15  10 15  11 14
0 11  0 12  0 13  1 12  2 12  3 13  4 13  5 14  6 14  7 15  8 15  9 15  10 15  11 14  11 15
0 11  0 12  0 13  1 12  2 12  3 13  4 13  5 14  6 14  7 14  8 15  9 15  10 15  11 14  11 15
0 11  0 12  0 14  1 12  2 12  3 13  4 13  5 14  6 14  7 14  8 15  9 15  10 15  11 13  11 15
0 11  0 13  0 14  0 15  1 12  2 12  3 12  4 13  5 13  6 14  7 14  8 14  9 15  10 15  12 15
0 11  0 14  1 12  1 13  1 14  1 15  2 12  3 12  4 13  5 13  6 14  7 15  8 15  9 15  10 15
0 11  0 14  1 12  1 13  1 14  2 12  3 12  4 13  5 13  6 14  7 15  8 15  9 15  10 15  14 15
0 11  0 15  1 12  1 13  1 14  1 15  2 12  3 12  4 13  5 13  6 14  7 14  8 15  9 15  10 15
0 11  0 15  1 12  1 13  1 15  2 12  3 12  4 13  5 13  6 14  7 14  8 14  9 15  10 15  14 15
0 11  0 14  0 15  1 12  2 12  3 12  4 13  5 13  6 13  7 14  8 14  9 15  10 15  12 15  13 15
0 11  0 14  1 12  2 12  3 12  4 13  5 13  6 13  7 14  8 14  9 15  10 15  12 15  13 15  14 15
0 11  0 15  1 12  2 12  3 12  4 13  5 13  6 13  7 14  7 15  8 14  9 14  10 15  12 15  13 15
0 11  0 14  0 15  1 12  2 12  3 12  4 13  5 13  6 13  7 14  8 14  9 14  10 15  12 15  13 15
0 11  0 15  1 12  1 14  1 15  2 12  3 12  4 13  5 13  6 13  7 14  8 14  9 14  10 15  13 15
0 11  0 15  1 12  2 12  3 12  4 13  5 13  6 13  7 14  7 15  8 14  9 14  10 14  12 15  13 15
0 11  0 12  0 15  1 11  2 12  3 13  4 13  5 14  6 14  7 15  8 15  9 15  10 15  13 15  14 15
0 11  0 12  0 15  1 11  2 12  3 13  4 13  5 14  6 14  7 14  8 15  9 15  10 15  13 15  14 15
0 11  0 12  0 14  0 15  1 11  2 12  3 13  4 13  5 14  6 14  7 14  8 15  9 15  10 15  13 15
0 11  0 12  0 14  0 15  1 11  2 12  3 13  4 13  5 14  6 14  7 15  8 15  9 15  10 15  13 14
0 11  0 12  0 14  1 11  2 12  3 13  4 13  5 14  6 14  7 15  8 15  9 15  10 15  13 14  14 15
0 11  0 12  0 15  1 11  2 12  3 13  4 13  5 13  6 14  7 14  8 14  9 15  10 15  13 15  14 15
0 11  1 11  2 12  3 12  4 13  5 13  6 14  6 15  7 14  8 15  9 15  10 15  11 15  12 15  13 15
0 11  0 14  0 15  1 11  2 12  3 12  4 13  5 13  6 14  7 14  8 15  9 15  10 15  12 15  13 15
0 11  1 11  2 12  3 12  4 13  5 13  6 14  6 15  7 14  8 14  9 15  10 15  11 15  12 15  13 15
0 11  1 11  2 12  3 12  4 13  4 15  5 13  6 14  7 14  8 14  9 15  10 15  11 15  12 15  14 15
0 11  1 11  2 12  3 12  4 13  5 13  6 14  7 14  8 15  9 15  10 15  11 14  11 15  12 15  13 15
0 11  0 14  0 15  1 11  2 12  3 12  4 13  5 13  6 14  7 14  8 14  9 15  10 15  12 15  13 15
0 11  1 11  2 12  3 12  4 13  5 13  6 14  6 15  7 14  8 14  9 14  10 15  11 15  12 15  13 15
0 11  1 11  2 12  3 12  4 13  4 15  5 13  6 14  7 14  8 14  9 14  10 15  11 15  12 15  14 15
0 11  1 11  2 12  3 12  4 13  5 13  6 14  7 14  8 14  9 15  10 15  11 14  11 15  12 15  13 15
0 11  1 11  2 12  3 12  4 13  5 13  6 14  7 14  8 14  9 15  10 15  11 14  12 15  13 15  14 15
0 11  1 11  2 12  3 12  4 13  4 14  4 15  5 13  6 14  7 15  8 15  9 15  10 15  11 14  12 14
0 11  1 11  2 12  3 12  4 13  5 13  6 14  6 15  7 15  8 15  9 15  10 15  11 14  12 14  13 14
0 11  1 11  2 12  3 12  4 13  5 13  6 14  7 15  8 15  9 15  10 15  11 14  11 15  12 14  13 14
0 11  0 13  0 14  0 15  1 11  2 12  3 12  4 13  5 13  6 14  7 14  8 15  9 15  10 15  12 15
0 11  0 14  0 15  1 11  2 12  3 12  4 13  5 13  6 13  7 14  8 14  9 15  10 15  12 15  13 15
0 11  1 11  2 12  3 12  4 13  4 14  4 15  5 13  6 13  7 14  8 14  9 15  10 15  11 15  12 15
0 11  1 11  2 12  3 12  4 13  5 13  6 13  7 14  7 15  8 14  9 14  10 15  11 15  12 15  13 15
0 11  1 11  2 12  2 15  3 12  4 13  5 13  6 13  7 14  8 14  9 14  10 15  11 15  13 15  14 15
0 11  0 14  0 15  1 11  2 12  3 12  4 13  5 13  6 13  7 14  8 14  9 14  10 15  12 15  13 15
0 11  1 11  2 12  3 12  4 13  4 14  4 15  5 13  6 13  7 14  8 14  9 14  10 15  11 15  12 15
0 11  1 11  2 12  3 12  4 13  5 13  6 13  7 14  7 15  8 14  9 14  10 14  11 15  12 15  13 15
0 11  1 11  2 12  2 13  2 14  2 15  3 12  4 13  5 14  6 14  7 15  8 15  9 15  10 15  11 13
0 11  1 11  2 12  2 13  2 14  3 12  4 13  5 14  6 14  7 15  8 15  9 15  10 15  11 13  13 15
0 11  1 11  2 12  3 12  4 13  5 13  6 14  7 14  8 14  9 15  10 15  11 13  11 15  12 15  14 15
0 11  0 12  0 13  0 15  1 11  2 12  3 12  4 13  5 13  6 14  7 14  8 14  9 15  10 15  14 15
0 11  0 12  0 13  0 15  1 11  2 12  3 12  4 13  5 13  6 14  7 14  8 15  9 15  10 15  11 14
0 11  0 12  0 13  1 11  2 12  3 12  4 13  5 13  6 14  7 14  8 15  9 15  10 15  11 14  11 15
0 11  0 14  0 15  1 11  2 12  3 12  4 12  5 13  6 13  7 13  8 14  9 14  10 15  12 15  13 15
0 11  1 11  2 12  3 12  4 12  5 13  6 13  7 13  8 14  8 15  9 14  10 14  11 15  12 15  13 15
0 11  0 15  1 11  2 12  3 12  4 12  5 13  6 13  7 13  8 14  9 14  10 14  12 15  13 15  14 15
0 11  1 11  2 12  3 12  4 13  5 13  6 13  7 14  8 14  9 14  10 15  11 12  11 15  13 15  14 15
0 10  0 14  0 15  1 11  1 15  2 12  2 15  3 13  3 15  4 14  5 15  6 15  7 15  8 15  9 15
0 10  0 15  1 11  1 15  2 12  2 15  3 13  3 15  4 14  4 15  5 14  6 15  7 15  8 15  9 15
0 10  0 14  1 11  1 14  2 12  2 14  3 13  3 15  4 15  5 15  6 15  7 15  8 15  9 15  14 15
0 10  0 14  1 11  1 14  2 12  2 15  3 13  3 15  4 14  5 15  6 15  7 15  8 15  9 15  14 15
0 10  0 14  0 15  1 11  1 15  2 12  2 15  3 13  3 15  4 14  5 14  6 15  7 15  8 15  9 15
0 10  0 14  1 11  1 15  2 12  2 15  3 13  3 15  4 14  5 14  6 15  7 15  8 15  9 15  14 15
0 10  0 15  1 11  1 15  2 12  2 15  3 13  3 15  4 14  4 15  5 14  6 14  7 15  8 15  9 15
0 10  0 14  0 15  1 11  1 14  2 12  2 14  3 13  3 14  4 15  5 15  6 15  7 15  8 15  9 15
0 10  0 14  1 11  1 14  2 12  2 14  3 13  3 15  4 14  5 15  6 15  7 15  8 15  9 15  14 15
0 10  0 14  1 11  1 14  2 12  2 15  3 13  3 15  4 14  5 14  6 15  7 15  8 15  9 15  14 15
0 10  0 14  0 15  1 11  1 15  2 12  2 15  3 13  3 15  4 14  5 14  6 14  7 15  8 15  9 15
0 10  0 14  1 11  1 15  2 12  2 15  3 13  3 15  4 14  5 14  6 14  7 15  8 15  9 15  14 15
0 10  0 15  1 11  1 15  2 12  2 15  3 13  3 15  4 14  4 15  5 14  6 14  7 14  8 15  9 15
0 10  0 14  0 15  1 11  1 14  2 12  2 14  3 13  3 14  4 14  5 15  6 15  7 15  8 15  9 15
0 10  0 14  1 11  1 14  2 12  2 14  3 13  3 14  4 14  4 15  5 15  6 15  7 15  8 15  9 15
0 10  0 14  1 11  1 14  2 12  2 15  3 13  3 15  4 14  5 14  6 14  7 15  8 15  9 15  14 15
0 10  0 14  0 15  1 11  1 15  2 12  2 15  3 13  3 15  4 14  5 14  6 14  7 14  8 15  9 15
0 10  0 14  1 11  1 15  2 12  2 15  3 13  3 15  4 14  5 14  6 14  7 14  8 15  9 15  14 15
0 10  0 15  1 11  1 15  2 12  2 15  3 13  3 15  4 14  4 15  5 14  6 14  7 14  8 14  9 15
0 10  0 13  0 15  1 11  1 15  2 12  2 15  3 13  4 14  5 14  6 15  7 15  8 15  9 15  14 15
0 10  0 13  0 14  0 15  1 11  1 14  2 12  2 14  3 13  4 15  5 15  6 15  7 15  8 15  9 15
0 10  0 13  0 14  1 11  1 14  2 12  2 14  3 13  4 15  5 15  6 15  7 15  8 15  9 15  14 15
0 10  0 13  0 15  1 11  1 15  2 12  2 15  3 13  4 14  5 14  6 14  7 15  8 15  9 15  14 15
0 10  0 13  0 14  0 15  1 11  1 14  2 12  2 14  3 13  4 14  5 15  6 15  7 15  8 15  9 15
0 10  0 13  0 14  1 11  1 14  2 12  2 14  3 13  4 14  5 15  6 15  7 15  8 15  9 15  14 15
0 10  0 13  0 14  0 15  1 11  1 15  2 12  2 15  3 13  4 14  5 14  6 14  7 15  8 15  9 15
0 10  0 13  0 15  1 11  1 15  2 12  2 15  3 13  4 14  5 14  6 14  7 14  8 15  9 15  14 15
0 10  0 13  0 14  0 15  1 11  1 15  2 12  2 15  3 13  4 14  5 14  6 14  7 14  8 15  9 15
0 10  0 15  1 11  1 15  2 12  2 15  3 13  3 14  3 15  4 13  5 14  6 15  7 15  8 15  9 15
0 10  0 15  1 11  1 15  2 12  2 15  3 13  4 13  5 14  5 15  6 14  7 15  8 15  9 15  13 15
0 10  0 14  1 11  1 14  2 12  2 14  3 13  4 13  5 15  6 15  7 15  8 15  9 15  13 15  14 15
0 10  0 14  1 11  1 14  2 12  2 15  3 13  4 13  5 14  6 15  7 15  8 15  9 15  13 15  14 15
0 10  0 14  0 15  1 11  1 15  2 12  2 15  3 13  4 13  5 14  6 14  7 15  8 15  9 15  13 15
0 10  0 14  1 11  1 15  2 12  2 15  3 13  4 13  5 14  6 14  7 15  8 15  9 15  13 15  14 15
0 10  0 15  1 11  1 15  2 12  2 15  3 13  3 14  3 15  4 13  5 14  6 14  7 15  8 15  9 15
0 10  0 15  1 11  1 15  2 12  2 15  3 13  4 13  5 14  5 15  6 14  7 14  8 15  9 15  13 15
0 10  0 15  1 11  1 15  2 12  2 15  3 13  3 15  4 13  5 14  6 14  7 14  8 15  9 15  14 15
0 10  0 14  1 11  1 14  2 12  2 15  3 13  4 13  5 15  6 15  7 15  8 15  9 15  13 14  14 15
0 10  0 14  1 11  1 15  2 12  2 15  3 13  4 13  5 14  6 15  7 15  8 15  9 15  13 14  14 15
0 10  0 15  1 11  1 15  2 12  2 15  3 13  4 13  5 14  6 14  7 15  8 15  9 15  13 14  13 15
0 10  0 14  1 11  1 14  2 12  2 14  3 13  3 14  3 15  4 13  5 15  6 15  7 15  8 15  9 15
0 10  0 14  1 11  1 14  2 12  2 14  3 13  3 14  4 13  5 15  6 15  7 15  8 15  9 15  14 15
0 10  0 14  1 11  1 14  2 12  2 14  3 13  4 13  5 14  6 15  7 15  8 15  9 15  13 15  14 15
0 10  0 14  1 11  1 14  2 12  2 15  3 13  4 13  5 14  6 14  7 15  8 15  9 15  13 15  14 15
0 10  0 14  0 15  1 11  1 15  2 12  2 15  3 13  4 13  5 14  6 14  7 14  8 15  9 15  13 15
0 10  0 14  1 11  1 15  2 12  2 15  3 13  4 13  5 14  6 14  7 14  8 15  9 15  13 15  14 15
0 10  0 15  1 11  1 15  2 12  2 15  3 13  3 14  3 15  4 13  5 14  6 14  7 14  8 15  9 15
0 10  0 15  1 11  1 15  2 12  2 15  3 13  4 13  5 14  5 15  6 14  7 14  8 14  9 15  13 15
0 10  0 15  1 11  1 15  2 12  2 15  3 13  3 15  4 13  5 14  6 14  7 14  8 14  9 15  14 15
0 10  0 14  0 15  1 11  1 14  2 12  2 14  3 13  4 13  5 15  6 15  7 15  8 15  9 15  13 14
0 10  0 14  1 11  1 14  2 12  2 14  3 13  4 13  5 15  6 15  7 15  8 15  9 15  13 14  13 15
0 10  0 14  1 11  1 14  2 12  2 15  3 13  4 13  5 14  6 15  7 15  8 15  9 15  13 14  14 15
0 10  0 14  1 11  1 15  2 12  2 15  3 13  4 13  5 14  6 14  7 15  8 15  9 15  13 14  14 15
0 10  0 15  1 11  1 15  2 12  2 15  3 13  4 13  5 14  6 14  7 14  8 15  9 15  13 14  13 15
0 10  0 15  1 11  1 15  2 12  2 15  3 13  4 13  5 14  6 14  7 14  8 15  9 15  13 14  14 15
0 10  0 14  0 15  1 11  1 15  2 12  2 15  3 13  4 13  5 14  6 14  7 14  8 14  9 15  13 15
0 10  0 15  1 11  1 15  2 12  2 15  3 13  3 14  3 15  4 13  5 14  6 14  7 14  8 14  9 15
0 10  0 15  1 11  1 15  2 12  2 15  3 13  4 13  5 14  5 15  6 14  7 14  8 14  9 14  13 15
0 10  0 15  1 11  1 15  2 12  2 15  3 13  4 13  5 14  6 14  7 14  8 14  9 15  13 14  13 15
0 10  0 13  0 14  0 15  1 11  1 13  2 12  2 13  3 14  4 14  5 14  6 15  7 15  8 15  9 15
0 10  0 13  0 14  1 11  1 13  2 12  2 13  3 14  4 14  5 14  6 15  7 15  8 15  9 15  13 15
0 10  0 13  1 11  1 13  2 12  2 15  3 13  4 14  5 14  6 14  7 14  8 15  9 15  13 15  14 15
0 10  0 13  0 14  0 15  1 11  1 14  2 12  2 14  3 13  4 13  5 15  6 15  7 15  8 15  9 15
0 10  0 13  0 14  1 11  1 14  2 12  2 14  3 13  4 13  5 15  6 15  7 15  8 15  9 15  14 15
0 10  0 13  0 14  0 15  1 11  1 15  2 12  2 15  3 13  4 13  5 14  6 14  7 15  8 15  9 15
0 10  0 13  0 14  0 15  1 11  1 14  2 12  2 14  3 13  4 13  5 14  6 15  7 15  8 15  9 15
0 10  0 13  0 14  0 15  1 11  1 15  2 12  2 15  3 13  4 13  5 14  6 14  7 14  8 15  9 15
0 10  0 13  0 15  1 11  1 15  2 12  2 15  3 13  4 13  5 14  6 14  7 14  8 14  9 15  14 15
0 10  0 13  1 11  1 15  2 12  2 15  3 13  4 13  5 14  6 14  7 14  8 14  9 15  13 15  14 15
0 10  0 14  1 11  1 14  2 12  2 14  3 13  4 13  5 13  6 15  7 15  8 15  9 15  13 15  14 15
0 10  0 14  1 11  1 14  2 12  2 15  3 13  4 13  5 13  6 14  7 15  8 15  9 15  13 15  14 15
0 10  0 14  0 15  1 11  1 15  2 12  2 15  3 13  4 13  5 13  6 14  7 14  8 15  9 15  13 15
0 10  0 14  1 11  1 15  2 12  2 15  3 13  4 13  5 13  6 14  7 14  8 15  9 15  13 15  14 15
0 10  0 15  1 11  1 15  2 12  2 15  3 13  3 14  3 15  4 13  5 13  6 14  7 14  8 15  9 15
0 10  0 15  1 11  1 15  2 12  2 15  3 13  4 13  5 13  6 14  6 15  7 14  8 14  9 15  13 15
0 10  0 14  1 11  1 14  2 12  2 14  3 13  3 14  3 15  4 13  5 13  6 15  7 15  8 15  9 15
0 10  0 14  0 15  1 11  1 15  2 12  2 15  3 13  4 13  5 13  6 14  7 14  8 14  9 15  13 15
0 10  0 14  1 11  1 15  2 12  2 15  3 13  4 13  5 13  6 14  7 14  8 14  9 15  13 15  14 15
0 10  0 15  1 11  1 15  2 12  2 15  3 13  3 14  3 15  4 13  5 13  6 14  7 14  8 14  9 15
0 10  0 15  1 11  1 15  2 12  2 15  3 13  4 13  5 13  6 14  6 15  7 14  8 14  9 14  13 15
0 10  0 15  1 11  1 15  2 12  2 15  3 13  3 15  4 13  5 13  6 14  7 14  8 14  9 14  14 15
0 10  0 14  0 15  1 11  1 14  2 12  2 14  3 13  4 13  5 13  6 15  7 15  8 15  9 15  13 14
0 10  0 14  1 11  1 14  2 12  2 14  3 13  4 13  5 13  6 15  7 15  8 15  9 15  13 14  13 15
0 10  0 14  1 11  1 15  2 12  2 15  3 13  4 13  5 13  6 14  7 14  8 15  9 15  13 14  14 15
0 10  0 15  1 11  1 15  2 12  2 15  3 13  4 13  5 13  6 14  7 14  8 14  9 15  13 14  13 15
0 10  0 15  1 11  1 15  2 12  2 15  3 13  3 14  3 15  4 13  5 13  6 13  7 14  8 14  9 14
0 10  0 12  0 15  1 11  1 15  2 12  3 13  4 13  5 14  6 14  7 15  8 15  9 15  13 15  14 15
0 10  0 12  0 15  1 11  1 15  2 12  3 13  4 13  5 14  6 14  7 14  8 15  9 15  13 15  14 15
0 10  0 12  0 14  0 15  1 11  1 15  2 12  3 13  4 13  5 14  6 14  7 14  8 15  9 15  13 15
0 10  0 12  0 15  1 11  1 15  2 12  3 13  4 13  5 14  6 14  7 14  8 14  9 15  13 15  14 15
0 10  0 12  0 14  0 15  1 11  1 14  2 12  3 13  4 13  5 14  6 15  7 15  8 15  9 15  13 14
0 10  0 12  0 15  1 11  1 15  2 12  3 13  4 13  5 13  6 14  7 14  8 14  9 15  13 15  14 15
0 10  0 12  0 14  0 15  1 11  1 15  2 12  3 13  4 13  5 13  6 14  7 14  8 14  9 15  13 15
0 10  0 15  1 11  1 15  2 12  2 13  2 15  3 12  4 13  5 14  6 14  7 15  8 15  9 15  14 15
0 10  0 14  1 11  1 14  2 12  2 13  2 14  2 15  3 12  4 13  5 15  6 15  7 15  8 15  9 15
0 10  0 15  1 11  1 15  2 12  2 13  2 15  3 12  4 13  5 14  6 14  7 14  8 15  9 15  14 15
0 10  0 14  1 11  1 14  2 12  2 13  2 14  2 15  3 12  4 13  5 14  6 15  7 15  8 15  9 15
0 10  0 15  1 11  1 15  2 12  2 13  2 14  2 15  3 12  4 13  5 14  6 14  7 14  8 15  9 15
0 10  0 15  1 11  1 15  2 12  2 13  2 15  3 12  4 13  5 14  6 14  7 14  8 14  9 15  14 15
0 10  0 15  1 11  1 15  2 12  3 12  4 13  5 13  6 14  6 15  7 14  8 15  9 15  12 15  13 15
0 10  0 14  1 11  1 14  2 12  3 12  4 13  5 13  6 14  7 15  8 15  9 15  12 15  13 15  14 15
0 10  0 14  0 15  1 11  1 15  2 12  3 12  4 13  5 13  6 14  7 14  8 15  9 15  12 15  13 15
0 10  0 14  1 11  1 15  2 12  3 12  4 13  5 13  6 14  7 14  8 15  9 15  12 15  13 15  14 15
0 10  0 15  1 11  1 15  2 12  2 14  2 15  3 12  4 13  5 13  6 14  7 14  8 15  9 15  13 15
0 10  0 15  1 11  1 15  2 12  3 12  4 13  5 13  6 14  6 15  7 14  8 14  9 15  12 15  13 15
0 10  0 15  1 11  1 15  2 12  3 12  4 13  4 15  5 13  6 14  7 14  8 14  9 15  12 15  14 15
0 10  0 14  1 11  1 14  2 12  3 12  4 13  5 13  6 15  7 15  8 15  9 15  12 14  13 15  14 15
0 10  0 14  1 11  1 15  2 12  3 12  4 13  5 13  6 14  7 15  8 15  9 15  12 14  13 15  14 15
0 10  0 15  1 11  1 15  2 12  3 12  4 13  5 13  6 14  7 14  8 15  9 15  12 14  12 15  13 15
0 10  0 14  0 15  1 11  1 15  2 12  3 12  4 13  5 13  6 14  7 14  8 14  9 15  12 15  13 15
0 10  0 14  1 11  1 15  2 12  3 12  4 13  5 13  6 14  7 14  8 14  9 15  12 15  13 15  14 15
0 10  0 15  1 11  1 15  2 12  2 14  2 15  3 12  4 13  5 13  6 14  7 14  8 14  9 15  13 15
0 10  0 15  1 11  1 15  2 12  3 12  4 13  5 13  6 14  6 15  7 14  8 14  9 14  12 15  13 15
0 10  0 15  1 11  1 15  2 12  3 12  4 13  4 15  5 13  6 14  7 14  8 14  9 14  12 15  14 15
0 10  0 14  1 11  1 14  2 12  3 12  4 13  4 14  4 15  5 13  6 15  7 15  8 15  9 15  12 14
0 10  0 14  1 11  1 15  2 12  3 12  4 13  5 13  6 14  7 14  8 15  9 15  12 14  13 15  14 15
0 10  0 15  1 11  1 15  2 12  3 12  4 13  5 13  6 14  7 14  8 14  9 15  12 14  12 15  13 15
0 10  0 15  1 11  1 15  2 12  3 12  4 13  5 13  6 14  7 14  8 14  9 15  12 14  13 15  14 15
0 10  0 14  0 15  1 11  1 14  2 12  3 12  4 13  5 13  6 15  7 15  8 15  9 15  12 14  13 14
0 10  0 14  1 11  1 14  2 12  3 12  4 13  5 13  6 15  7 15  8 15  9 15  12 14  12 15  13 14
0 10  0 15  1 11  1 15  2 12  3 12  4 13  5 13  6 14  7 14  8 15  9 15  12 14  13 14  14 15
0 10  0 13  0 14  0 15  1 11  1 15  2 12  3 12  4 13  5 13  6 14  7 14  8 15  9 15  12 15
0 10  0 14  1 11  1 14  2 12  2 13  2 14  2 15  3 12  4 13  5 13  6 15  7 15  8 15  9 15
0 10  0 14  1 11  1 14  2 12  2 13  2 14  3 12  4 13  5 13  6 15  7 15  8 15  9 15  14 15
0 10  0 15  1 11  1 15  2 12  2 13  2 14  2 15  3 12  4 13  5 13  6 14  7 14  8 15  9 15
0 10  0 14  1 11  1 14  2 12  3 12  4 13  5 13  6 13  7 14  8 15  9 15  12 15  13 15  14 15
0 10  0 14  0 15  1 11  1 15  2 12  3 12  4 13  5 13  6 13  7 14  8 14  9 15  12 15  13 15
0 10  0 14  1 11  1 15  2 12  3 12  4 13  5 13  6 13  7 14  8 14  9 15  12 15  13 15  14 15
0 10  0 15  1 11  1 15  2 12  2 14  2 15  3 12  4 13  5 13  6 13  7 14  8 14  9 15  13 15
0 10  0 15  1 11  1 15  2 12  3 12  4 13  4 14  4 15  5 13  6 13  7 14  8 14  9 15  12 15
0 10  0 15  1 11  1 15  2 12  3 12  4 13  5 13  6 13  7 14  7 15  8 14  9 14  12 15  13 15
0 10  0 15  1 11  1 15  2 12  2 15  3 12  4 13  5 13  6 13  7 14  8 14  9 14  13 15  14 15
0 10  0 14  0 15  1 11  1 15  2 12  3 12  4 13  5 13  6 13  7 14  8 14  9 14  12 15  13 15
0 10  0 15  1 11  1 15  2 12  2 14  2 15  3 12  4 13  5 13  6 13  7 14  8 14  9 14  13 15
0 10  0 15  1 11  1 15  2 12  3 12  4 13  4 14  4 15  5 13  6 13  7 14  8 14  9 14  12 15
0 10  0 15  1 11  1 15  2 12  3 12  4 13  5 13  6 13  7 14  8 14  9 14  12 14  12 15  13 15
0 10  0 13  1 11  1 13  2 12  3 12  4 14  5 14  6 14  7 15  8 15  9 15  12 13  13 15  14 15
0 10  0 13  1 11  1 15  2 12  3 12  4 13  5 14  6 14  7 14  8 15  9 15  12 13  13 15  14 15
0 10  0 15  1 11  1 15  2 12  3 12  4 13  5 13  6 14  7 14  8 14  9 15  12 13  12 15  14 15
0 10  0 12  0 13  0 15  1 11  1 15  2 12  3 12  4 13  5 13  6 14  7 14  8 14  9 15  14 15
0 10  0 14  1 11  1 14  2 12  2 13  2 14  2 15  3 12  4 12  5 13  6 13  7 15  8 15  9 15
0 10  0 15  1 11  1 15  2 12  2 13  2 14  2 15  3 12  4 12  5 13  6 13  7 14  8 14  9 15
0 10  0 15  1 11  1 15  2 12  2 13  2 15  3 12  4 12  5 13  6 13  7 14  8 14  9 14  14 15
0 10  0 14  1 11  1 14  2 12  3 12  4 12  5 13  6 13  7 13  8 14  9 15  12 15  13 15  14 15
0 10  0 14  0 15  1 11  1 15  2 12  3 12  4 12  5 13  6 13  7 13  8 14  9 14  12 15  13 15
0 10  0 14  1 11  1 15  2 12  3 12  4 12  5 13  6 13  7 13  8 14  9 14  12 15  13 15  14 15
0 10  0 11  0 15  1 11  2 12  3 12  4 13  5 13  6 14  7 14  8 15  9 15  12 15  13 15  14 15
0 10  0 11  0 15  1 11  2 12  3 12  4 13  5 13  6 14  7 14  8 14  9 15  12 15  13 15  14 15
0 10  0 11  0 15  1 11  2 12  3 12  4 13  5 13  6 13  7 14  8 14  9 14  12 15  13 15  14 15
0 10  0 15  1 11  1 12  1 15  2 11  3 12  4 13  5 13  6 14  7 14  8 15  9 15  13 15  14 15
0 10  0 15  1 11  1 12  1 15  2 11  3 12  4 13  5 13  6 14  7 14  8 14  9 15  13 15  14 15
0 10  0 15  1 11  1 12  1 15  2 11  3 12  4 13  5 13  6 13  7 14  8 14  9 14  13 15  14 15
0 10  0 15  1 11  2 11  3 12  4 12  5 13  6 13  7 14  7 15  8 14  9 15  11 15  12 15  13 15
0 10  0 14  0 15  1 11  2 11  3 12  4 12  5 13  6 13  7 14  8 14  9 15  11 15  12 15  13 15
0 10  0 14  1 11  2 11  3 12  4 12  5 13  6 13  7 14  8 14  9 15  11 15  12 15  13 15  14 15
0 10  0 15  1 11  1 14  1 15  2 11  3 12  4 12  5 13  6 13  7 14  8 14  9 15  12 15  13 15
0 10  0 15  1 11  2 11  3 12  4 12  5 13  6 13  7 14  7 15  8 14  9 14  11 15  12 15  13 15
0 10  0 15  1 11  2 11  3 12  4 12  5 13  5 15  6 13  7 14  8 14  9 14  11 15  12 15  14 15
0 10  0 14  1 11  2 11  3 12  4 12  5 13  6 13  7 14  8 15  9 15  11 14  12 15  13 15  14 15
0 10  0 15  1 11  2 11  3 12  4 12  5 13  6 13  7 14  8 14  9 15  11 14  11 15  12 15  13 15
0 10  0 14  0 15  1 11  2 11  3 12  4 12  5 13  6 13  7 14  8 14  9 14  11 15  12 15  13 15
0 10  0 15  1 11  1 14  1 15  2 11  3 12  4 12  5 13  6 13  7 14  8 14  9 14  12 15  13 15
0 10  0 13  0 14  0 15  1 11  2 11  3 12  4 12  5 13  6 13  7 14  8 14  9 15  11 15  12 15
0 10  0 14  1 11  2 11  3 12  4 12  5 13  6 13  7 13  8 14  9 14  11 15  12 15  13 15  14 15
0 10  0 15  1 11  1 14  1 15  2 11  3 12  4 12  5 13  6 13  7 13  8 14  9 14  12 15  13 15
0 10  0 15  1 11  2 11  3 12  4 12  5 13  5 14  5 15  6 13  7 13  8 14  9 14  11 15  12 15
0 10  0 13  1 11  2 11  3 12  4 12  5 13  6 14  7 14  8 14  9 15  11 13  12 15  13 15  14 15
0 10  0 15  1 11  2 11  3 12  4 12  5 13  6 13  7 14  8 14  9 14  11 13  11 15  12 15  14 15
0 10  0 11  0 15  1 10  2 11  3 12  4 12  5 13  6 13  7 14  8 14  9 15  12 15  13 15  14 15
0 10  1 10  2 11  3 11  4 12  5 12  6 13  7 13  8 14  8 15  9 14  10 15  11 15  12 15  13 15
0 10  0 14  0 15  1 10  2 11  3 11  4 12  5 12  6 13  7 13  8 14  9 14  11 15  12 15  13 15
0 10  1 10  2 11  3 11  4 12  5 12  6 13  7 13  8 14  9 14  10 14  10 15  11 15  12 15  13 15
0 9  0 14  0 15  1 10  1 15  2 11  2 15  3 12  3 15  4 13  4 15  5 14  6 15  7 15  8 15
0 9  0 15  1 10  1 15  2 11  2 15  3 12  3 15  4 13  4 15  5 14  5 15  6 14  7 15  8 15
0 9  0 14  1 10  1 14  2 11  2 14  3 12  3 15  4 13  4 15  5 15  6 15  7 15  8 15  14 15
0 9  0 14  1 10  1 14  2 11  2 15  3 12  3 15  4 13  4 15  5 14  6 15  7 15  8 15  14 15
0 9  0 14  0 15  1 10  1 15  2 11  2 15  3 12  3 15  4 13  4 15  5 14  6 14  7 15  8 15
0 9  0 14  1 10  1 15  2 11  2 15  3 12  3 15  4 13  4 15  5 14  6 14  7 15  8 15  14 15
0 9  0 15  1 10  1 15  2 11  2 15  3 12  3 15  4 13  4 15  5 14  5 15  6 14  7 14  8 15
0 9  0 14  1 10  1 14  2 11  2 14  3 12  3 14  4 13  4 15  5 15  6 15  7 15  8 15  14 15
0 9  0 14  1 10  1 14  2 11  2 14  3 12  3 15  4 13  4 15  5 14  6 15  7 15  8 15  14 15
0 9  0 14  1 10  1 14  2 11  2 15  3 12  3 15  4 13  4 15  5 14  6 14  7 15  8 15  14 15
0 9  0 14  0 15  1 10  1 15  2 11  2 15  3 12  3 15  4 13  4 15  5 14  6 14  7 14  8 15
0 9  0 14  1 10  1 15  2 11  2 15  3 12  3 15  4 13  4 15  5 14  6 14  7 14  8 15  14 15
0 9  0 15  1 10  1 15  2 11  2 15  3 12  3 15  4 13  4 15  5 14  5 15  6 14  7 14  8 14
0 9  0 14  0 15  1 10  1 15  2 11  2 15  3 12  3 15  4 13  4 15  5 14  6 14  7 14  8 14
0 9  0 13  0 15  1 10  1 15  2 11  2 15  3 12  3 15  4 13  5 14  6 14  7 15  8 15  14 15
0 9  0 13  0 15  1 10  1 15  2 11  2 15  3 12  3 15  4 13  5 14  6 14  7 14  8 15  14 15
0 9  0 13  0 14  0 15  1 10  1 14  2 11  2 14  3 12  3 14  4 13  5 15  6 15  7 15  8 15
0 9  0 13  0 14  0 15  1 10  1 15  2 11  2 15  3 12  3 15  4 13  5 14  6 14  7 14  8 15
0 9  0 13  0 15  1 10  1 15  2 11  2 15  3 12  3 15  4 13  5 14  6 14  7 14  8 14  14 15
0 9  0 15  1 10  1 15  2 11  2 15  3 12  3 15  4 13  4 14  4 15  5 13  6 14  7 15  8 15
0 9  0 15  1 10  1 15  2 11  2 15  3 12  3 15  4 13  5 13  6 14  6 15  7 14  8 15  13 15
0 9  0 14  1 10  1 14  2 11  2 14  3 12  3 15  4 13  5 13  6 15  7 15  8 15  13 15  14 15
0 9  0 14  1 10  1 14  2 11  2 15  3 12  3 15  4 13  5 13  6 14  7 15  8 15  13 15  14 15
0 9  0 14  0 15  1 10  1 15  2 11  2 15  3 12  3 15  4 13  5 13  6 14  7 14  8 15  13 15
0 9  0 14  1 10  1 15  2 11  2 15  3 12  3 15  4 13  5 13  6 14  7 14  8 15  13 15  14 15
0 9  0 15  1 10  1 15  2 11  2 15  3 12  3 15  4 13  4 14  4 15  5 13  6 14  7 14  8 15
0 9  0 15  1 10  1 15  2 11  2 15  3 12  3 15  4 13  5 13  6 14  6 15  7 14  8 14  13 15
0 9  0 15  1 10  1 15  2 11  2 15  3 12  3 15  4 13  4 15  5 13  6 14  7 14  8 14  14 15
0 9  0 14  1 10  1 14  2 11  2 15  3 12  3 15  4 13  5 13  6 15  7 15  8 15  13 14  14 15
0 9  0 14  1 10  1 15  2 11  2 15  3 12  3 15  4 13  5 13  6 14  7 15  8 15  13 14  14 15
0 9  0 15  1 10  1 15  2 11  2 15  3 12  3 15  4 13  5 13  6 14  7 14  8 15  13 14  13 15
0 9  0 14  0 15  1 10  1 15  2 11  2 15  3 12  3 15  4 13  5 13  6 14  7 14  8 14  13 15
0 9  0 14  1 10  1 15  2 11  2 15  3 12  3 15  4 13  5 13  6 14  7 14  8 14  13 15  14 15
0 9  0 15  1 10  1 15  2 11  2 15  3 12  3 15  4 13  4 14  4 15  5 13  6 14  7 14  8 14
0 9  0 14  1 10  1 14  2 11  2 15  3 12  3 15  4 13  5 13  6 14  7 15  8 15  13 14  14 15
0 9  0 14  1 10  1 15  2 11  2 15  3 12  3 15  4 13  5 13  6 14  7 14  8 15  13 14  14 15
0 9  0 15  1 10  1 15  2 11  2 15  3 12  3 15  4 13  5 13  6 14  7 14  8 14  13 14  13 15
0 9  0 15  1 10  1 15  2 11  2 15  3 12  3 15  4 13  5 13  6 14  7 14  8 14  13 14  14 15
0 9  0 13  0 14  0 15  1 10  1 15  2 11  2 15  3 12  3 15  4 13  5 13  6 14  7 14  8 15
0 9  0 14  1 10  1 14  2 11  2 14  3 12  3 15  4 13  5 13  6 13  7 15  8 15  13 15  14 15
0 9  0 14  1 10  1 14  2 11  2 15  3 12  3 15  4 13  5 13  6 13  7 14  8 15  13 15  14 15
0 9  0 14  0 15  1 10  1 15  2 11  2 15  3 12  3 15  4 13  5 13  6 13  7 14  8 14  13 15
0 9  0 14  1 10  1 15  2 11  2 15  3 12  3 15  4 13  5 13  6 13  7 14  8 14  13 15  14 15
0 9  0 15  1 10  1 15  2 11  2 15  3 12  3 15  4 13  4 14  4 15  5 13  6 13  7 14  8 14
0 9  0 12  0 15  1 10  1 15  2 11  2 15  3 12  4 13  5 13  6 14  7 14  8 15  13 15  14 15
0 9  0 12  0 15  1 10  1 15  2 11  2 15  3 12  4 13  5 13  6 14  7 14  8 14  13 15  14 15
0 9  0 15  1 10  1 15  2 11  2 15  3 12  3 13  3 15  4 12  5 13  6 14  7 14  8 15  14 15
0 9  0 15  1 10  1 15  2 11  2 15  3 12  3 13  3 15  4 12  5 13  6 14  7 14  8 14  14 15
0 9  0 15  1 10  1 15  2 11  2 15  3 12  4 12  5 13  6 13  7 14  7 15  8 14  12 15  13 15
0 9  0 14  1 10  1 14  2 11  2 14  3 12  4 12  5 13  6 13  7 15  8 15  12 15  13 15  14 15
0 9  0 14  1 10  1 14  2 11  2 15  3 12  4 12  5 13  6 13  7 14  8 15  12 15  13 15  14 15
0 9  0 14  0 15  1 10  1 15  2 11  2 15  3 12  4 12  5 13  6 13  7 14  8 14  12 15  13 15
0 9  0 14  1 10  1 15  2 11  2 15  3 12  4 12  5 13  6 13  7 14  8 14  12 15  13 15  14 15
0 9  0 15  1 10  1 15  2 11  2 15  3 12  3 14  3 15  4 12  5 13  6 13  7 14  8 14  13 15
0 9  0 14  1 10  1 14  2 11  2 15  3 12  4 12  5 13  6 13  7 15  8 15  12 14  13 15  14 15
0 9  0 14  1 10  1 15  2 11  2 15  3 12  4 12  5 13  6 13  7 14  8 15  12 14  13 15  14 15
0 9  0 15  1 10  1 15  2 11  2 15  3 12  4 12  5 13  6 13  7 14  8 14  12 14  12 15  13 15
0 9  0 13  0 14  0 15  1 10  1 15  2 11  2 15  3 12  4 12  5 13  6 13  7 14  8 14  12 15
0 9  0 14  1 10  1 14  2 11  2 14  3 12  4 12  5 13  6 13  7 13  8 15  12 15  13 15  14 15
0 9  0 14  1 10  1 14  2 11  2 15  3 12  4 12  5 13  6 13  7 13  8 14  12 15  13 15  14 15
0 9  0 13  1 10  1 13  2 11  2 15  3 12  4 12  5 14  6 14  7 14  8 15  12 13  13 15  14 15
0 9  0 13  1 10  1 15  2 11  2 15  3 12  4 12  5 13  6 14  7 14  8 14  12 13  13 15  14 15
0 9  0 11  0 15  1 10  1 15  2 11  3 12  4 12  5 13  6 13  7 14  8 14  12 15  13 15  14 15
0 9  0 15  1 10  1 15  2 11  2 12  2 15  3 11  4 12  5 13  6 13  7 14  8 14  13 15  14 15
0 9  0 14  1 10  1 15  2 11  3 11  4 12  5 12  6 13  7 13  8 14  11 14  12 15  13 15  14 15
0 8  0 14  0 15  1 9  1 15  2 10  2 15  3 11  3 15  4 12  4 15  5 13  5 15  6 14  7 15
0 8  0 15  1 9  1 15  2 10  2 15  3 11  3 15  4 12  4 15  5 13  5 15  6 14  6 15  7 14
0 8  0 14  1 9  1 14  2 10  2 14  3 11  3 15  4 12  4 15  5 13  5 15  6 15  7 15  14 15
0 8  0 14  1 9  1 14  2 10  2 15  3 11  3 15  4 12  4 15  5 13  5 15  6 14  7 15  14 15
0 8  0 14  0 15  1 9  1 15  2 10  2 15  3 11  3 15  4 12  4 15  5 13  5 15  6 14  7 14
0 8  0 14  1 9  1 15  2 10  2 15  3 11  3 15  4 12  4 15  5 13  5 15  6 14  7 14  14 15
0 8  0 14  1 9  1 14  2 10  2 14  3 11  3 15  4 12  4 15  5 13  5 15  6 14  7 15  14 15
0 8  0 14  1 9  1 14  2 10  2 15  3 11  3 15  4 12  4 15  5 13  5 15  6 14  7 14  14 15
0 8  0 13  0 15  1 9  1 15  2 10  2 15  3 11  3 15  4 12  4 15  5 13  6 14  7 14  14 15
0 8  0 15  1 9  1 15  2 10  2 15  3 11  3 15  4 12  4 15  5 13  5 14  5 15  6 13  7 14
0 8  0 14  1 9  1 14  2 10  2 14  3 11  3 15  4 12  4 15  5 13  6 13  7 15  13 15  14 15
0 8  0 14  1 9  1 14  2 10  2 15  3 11  3 15  4 12  4 15  5 13  6 13  7 14  13 15  14 15
0 8  0 14  1 9  1 14  2 10  2 15  3 11  3 15  4 12  4 15  5 13  6 13  7 15  13 14  14 15
0 8  0 14  1 9  1 15  2 10  2 15  3 11  3 15  4 12  4 15  5 13  6 13  7 14  13 14  14 15
0 8  0 14  1 9  1 14  2 10  2 14  3 11  3 15  4 12  4 15  5 13  6 13  7 13  13 15  14 15
0 8  0 14  1 9  1 14  2 10  2 14  3 11  3 15  4 12  5 12  6 13  7 13  12 15  13 15  14 15
0 8  0 14  1 9  1 14  2 10  2 15  3 11  3 15  4 12  5 12  6 13  7 13  12 14  13 15  14 15
0 7  0 14  1 8  1 14  2 9  2 14  3 10  3 15  4 11  4 15  5 12  5 15  6 13  6 15  14 15
