0 9  0 10  1 10  1 11  2 11  2 12  3 12  4 12  5 12  6 12  7 12  8 12
0 9  0 10  1 10  1 12  2 11  2 12  3 11  4 12  5 12  6 12  7 12  8 12
0 9  0 10  1 10  1 11  2 11  2 12  3 11  4 12  5 12  6 12  7 12  8 12
0 9  0 10  1 10  1 11  2 11  3 11  4 12  5 12  6 12  7 12  8 12  9 12
0 9  0 10  1 10  1 12  2 11  2 12  3 11  4 11  5 12  6 12  7 12  8 12
0 9  0 10  1 10  1 11  2 11  2 12  3 11  4 11  5 12  6 12  7 12  8 12
0 9  0 10  1 10  1 11  2 11  3 11  4 11  5 12  6 12  7 12  8 12  9 12
0 9  0 10  1 10  1 12  2 11  2 12  3 11  4 11  5 11  6 12  7 12  8 12
0 9  0 12  1 10  1 11  2 10  2 12  3 11  4 12  5 12  6 12  7 12  8 12
0 9  0 11  1 10  1 11  2 10  2 12  3 11  4 12  5 12  6 12  7 12  8 12
0 9  0 11  1 10  1 11  2 10  3 11  4 12  5 12  6 12  7 12  8 12  9 12
0 9  0 11  1 10  1 12  2 10  3 11  3 12  4 11  5 12  6 12  7 12  8 12
0 9  0 11  1 10  1 12  2 10  3 11  4 11  5 12  6 12  7 12  8 12  9 12
0 9  0 12  1 10  1 11  2 10  2 12  3 11  4 11  5 12  6 12  7 12  8 12
0 9  0 12  1 10  1 11  2 10  3 11  3 12  4 11  5 12  6 12  7 12  8 12
0 9  0 11  1 10  1 11  2 10  2 12  3 11  4 11  5 12  6 12  7 12  8 12
0 9  0 11  1 10  1 11  2 10  3 11  4 11  5 12  6 12  7 12  8 12  9 12
0 9  0 11  1 10  1 12  2 10  3 11  3 12  4 11  5 11  6 12  7 12  8 12
0 9  0 11  1 10  1 12  2 10  3 11  4 11  5 11  6 12  7 12  8 12  9 12
0 9  0 12  1 10  1 11  2 10  2 12  3 11  4 11  5 11  6 12  7 12  8 12
0 9  0 12  1 10  1 11  2 10  3 11  3 12  4 11  5 11  6 12  7 12  8 12
0 9  0 10  1 10  1 12  2 10  3 11  4 11  5 12  6 12  7 12  8 12  9 11
0 9  0 10  1 10  1 12  2 10  3 11  3 12  4 11  5 11  6 11  7 12  8 12
0 9  0 10  1 10  2 10  3 11  3 12  4 11  5 11  6 11  7 12  8 12  9 12
0 9  0 10  1 10  1 12  2 10  3 11  4 11  5 11  6 12  7 12  8 12  9 11
0 9  0 11  1 10  1 11  2 10  2 12  3 10  4 11  5 12  6 12  7 12  8 12
0 9  0 11  1 10  1 11  2 10  3 10  4 11  5 12  6 12  7 12  8 12  9 12
0 9  0 11  1 10  1 12  2 10  3 10  4 11  4 12  5 11  6 12  7 12  8 12
0 9  0 11  1 10  1 12  2 10  3 10  4 11  5 11  6 12  7 12  8 12  9 12
0 9  0 12  1 10  1 11  2 10  2 12  3 10  4 11  5 11  6 12  7 12  8 12
0 9  0 11  1 10  1 12  2 10  3 10  4 11  5 11  6 11  7 12  8 12  9 12
0 9  0 12  1 10  1 11  2 10  2 12  3 10  4 11  5 11  6 11  7 12  8 12
0 9  0 12  1 10  1 11  2 10  3 10  4 11  4 12  5 11  6 11  7 12  8 12
0 9  0 10  1 9  1 11  2 10  3 11  4 12  5 12  6 12  7 12  8 12  10 12
0 9  0 10  1 9  2 10  3 11  3 12  4 11  5 12  6 12  7 12  8 12  9 12
0 9  0 10  1 9  1 12  2 10  3 11  4 11  5 12  6 12  7 12  8 12  11 12
0 9  0 10  1 9  1 11  2 10  3 11  4 11  5 12  6 12  7 12  8 12  10 12
0 9  0 10  1 9  1 11  2 10  3 11  4 11  5 12  6 12  7 12  8 12  11 12
0 9  0 10  1 9  2 10  3 11  3 12  4 11  5 11  6 12  7 12  8 12  9 12
0 9  0 10  1 9  1 12  2 10  3 11  4 11  5 11  6 12  7 12  8 12  11 12
0 9  0 10  1 9  2 10  3 11  3 12  4 11  5 11  6 11  7 12  8 12  9 12
0 9  0 10  1 9  2 10  2 12  3 11  4 11  5 11  6 12  7 12  8 12  9 11
0 9  0 11  1 9  2 10  2 11  3 10  4 11  5 12  6 12  7 12  8 12  9 12
0 9  0 11  1 9  2 10  2 12  3 10  4 11  5 11  6 12  7 12  8 12  9 12
0 9  0 11  1 9  1 12  2 10  3 10  4 11  5 11  6 12  7 12  8 12  10 12
0 9  0 11  1 9  2 10  3 10  4 11  4 12  5 11  6 12  7 12  8 12  10 12
0 9  0 11  1 9  2 10  2 12  3 10  4 11  5 11  6 12  7 12  8 12  11 12
0 9  0 12  1 9  2 10  2 11  3 10  4 11  5 12  6 12  7 12  8 12  9 11
0 9  1 9  2 10  2 11  3 10  3 12  4 11  5 12  6 12  7 12  8 12  9 11
0 9  0 12  1 9  2 10  2 12  3 10  4 11  5 11  6 12  7 12  8 12  9 11
0 9  0 11  1 9  2 10  2 12  3 10  4 11  5 11  6 11  7 12  8 12  9 12
0 9  0 11  1 9  1 12  2 10  3 10  4 11  5 11  6 11  7 12  8 12  10 12
0 9  0 12  1 9  2 10  2 12  3 10  4 11  5 11  6 11  7 12  8 12  9 11
0 9  1 9  2 10  2 12  3 10  4 11  4 12  5 11  6 11  7 12  8 12  9 11
0 9  0 11  1 9  2 10  2 11  3 10  4 10  5 11  6 12  7 12  8 12  9 12
0 9  0 11  1 9  2 10  2 12  3 10  4 10  5 11  6 11  7 12  8 12  9 12
0 9  0 11  1 9  1 12  2 10  3 10  4 10  5 11  6 11  7 12  8 12  10 12
0 9  0 11  1 9  2 10  3 10  4 10  5 11  5 12  6 11  7 12  8 12  10 12
0 9  0 11  1 9  2 10  2 12  3 10  4 10  5 11  6 11  7 12  8 12  11 12
0 9  1 9  2 10  2 11  3 10  3 12  4 10  5 11  6 11  7 12  8 12  9 12
0 9  0 11  1 9  2 10  2 12  3 10  4 11  5 11  6 12  7 12  8 12  9 10
0 9  0 11  1 9  2 10  3 10  4 11  4 12  5 11  6 12  7 12  8 12  9 10
0 9  0 12  1 9  2 10  3 10  4 11  4 12  5 11  6 11  7 12  8 12  9 10
0 8  0 11  1 9  1 11  2 10  2 12  3 11  4 12  5 12  6 12  7 12  8 12
0 8  0 11  1 9  1 11  2 10  2 12  3 11  4 11  5 12  6 12  7 12  8 12
0 8  0 10  1 9  1 11  1 12  2 10  2 12  3 11  4 12  5 12  6 12  7 12
0 8  0 10  0 12  1 9  1 12  2 10  2 11  3 11  4 12  5 12  6 12  7 12
0 8  0 10  1 9  1 12  2 10  2 12  3 11  3 12  4 11  5 12  6 12  7 12
0 8  0 10  0 11  1 9  1 11  2 10  2 12  3 11  4 12  5 12  6 12  7 12
0 8  0 10  0 12  1 9  1 11  2 10  2 11  3 11  4 12  5 12  6 12  7 12
0 8  0 10  1 9  1 11  1 12  2 10  2 11  3 11  4 12  5 12  6 12  7 12
0 8  0 10  1 9  1 11  2 10  2 11  3 11  3 12  4 12  5 12  6 12  7 12
0 8  0 10  1 9  1 11  1 12  2 10  2 12  3 11  4 11  5 12  6 12  7 12
0 8  0 10  0 12  1 9  1 11  2 10  3 11  3 12  4 11  5 12  6 12  7 12
0 8  0 10  0 12  1 9  1 11  2 10  3 11  4 11  5 12  6 12  7 12  9 12
0 8  0 10  1 9  1 11  2 10  2 12  3 11  4 11  5 12  6 12  7 12  11 12
0 8  0 10  0 12  1 9  1 12  2 10  2 11  3 11  4 11  5 12  6 12  7 12
0 8  0 10  1 9  1 12  2 10  2 11  3 11  4 11  5 12  6 12  7 12  11 12
0 8  0 10  1 9  1 12  2 10  2 12  3 11  3 12  4 11  5 11  6 12  7 12
0 8  0 10  0 11  1 9  1 12  2 10  2 12  3 11  4 11  5 11  6 12  7 12
0 8  0 10  0 11  1 9  1 12  2 10  3 11  3 12  4 11  5 11  6 12  7 12
0 8  0 10  1 9  1 11  1 12  2 10  2 12  3 11  4 11  5 11  6 12  7 12
0 8  0 10  0 12  1 9  1 11  2 10  3 11  4 11  5 11  6 12  7 12  9 12
0 8  0 10  0 12  1 9  1 12  2 10  2 11  3 11  4 11  5 11  6 12  7 12
0 8  0 10  1 9  1 12  2 10  2 12  3 11  3 12  4 11  5 11  6 11  7 12
0 8  0 12  1 9  1 12  2 10  2 11  3 10  3 12  4 11  5 12  6 12  7 12
0 8  0 11  1 9  1 11  2 10  2 11  3 10  3 12  4 12  5 12  6 12  7 12
0 8  0 11  1 9  1 11  2 10  2 11  3 10  4 12  5 12  6 12  7 12  8 12
0 8  0 11  0 12  1 9  1 11  2 10  2 12  3 10  4 11  5 12  6 12  7 12
0 8  0 11  1 9  1 11  2 10  2 12  3 10  4 11  4 12  5 12  6 12  7 12
0 8  0 11  1 9  1 11  2 10  3 10  4 11  5 12  6 12  7 12  8 12  10 12
0 8  0 11  0 12  1 9  1 12  2 10  2 11  3 10  4 11  5 12  6 12  7 12
0 8  0 11  1 9  1 12  2 10  2 11  3 10  4 11  4 12  5 12  6 12  7 12
0 8  0 11  1 9  1 12  2 10  2 11  3 10  4 11  5 12  6 12  7 12  10 12
0 8  0 11  1 9  1 12  2 10  2 12  3 10  4 11  4 12  5 11  6 12  7 12
0 8  0 11  1 9  1 12  2 10  2 12  3 10  4 11  5 11  6 12  7 12  8 12
0 8  0 12  1 9  1 12  2 10  2 11  3 10  3 12  4 11  5 11  6 12  7 12
0 8  0 12  1 9  1 12  2 10  2 11  3 10  4 11  4 12  5 11  6 12  7 12
0 8  0 11  1 9  1 12  2 10  2 12  3 10  4 11  5 12  6 12  7 12  10 11
0 8  0 11  1 9  1 12  2 10  3 10  4 11  5 12  6 12  7 12  8 12  10 11
0 8  0 11  0 12  1 9  1 12  2 10  2 11  3 10  4 11  5 11  6 12  7 12
0 8  0 11  1 9  1 12  2 10  2 12  3 10  4 11  4 12  5 11  6 11  7 12
0 8  0 11  1 9  1 12  2 10  2 12  3 10  4 11  5 11  6 11  7 12  8 12
0 8  0 12  1 9  1 12  2 10  2 11  3 10  3 12  4 11  5 11  6 11  7 12
0 8  0 12  1 9  1 12  2 10  2 11  3 10  4 11  4 12  5 11  6 11  7 12
0 8  0 11  1 9  1 12  2 10  2 12  3 10  4 11  5 11  6 12  7 12  10 11
0 8  0 11  1 9  1 12  2 10  3 10  4 11  5 11  6 12  7 12  8 12  10 11
0 8  0 10  0 11  1 9  1 11  2 10  2 12  3 10  4 11  5 12  6 12  7 12
0 8  0 10  0 11  1 9  1 11  2 10  3 10  4 11  5 12  6 12  7 12  9 12
0 8  0 10  0 12  1 9  1 11  2 10  2 11  3 10  4 11  5 12  6 12  7 12
0 8  0 10  1 9  1 11  2 10  2 11  3 10  3 12  4 11  5 12  6 12  7 12
0 8  0 10  0 11  1 9  1 12  2 10  2 12  3 10  4 11  5 11  6 12  7 12
0 8  0 10  1 9  1 11  1 12  2 10  2 12  3 10  4 11  5 11  6 12  7 12
0 8  0 10  1 9  1 11  1 12  2 10  3 10  4 11  5 11  6 12  7 12  8 12
0 8  0 10  1 9  1 11  1 12  2 10  3 10  4 11  5 12  6 12  7 12  8 11
0 8  0 10  1 9  1 11  2 10  3 10  4 11  4 12  5 12  6 12  7 12  8 11
0 8  0 10  1 9  1 12  2 10  3 10  4 11  5 11  6 12  7 12  8 11  10 12
0 8  0 11  1 9  1 11  2 10  2 11  3 10  3 12  4 10  5 12  6 12  7 12
0 8  0 11  1 9  1 11  2 10  2 11  3 10  4 10  5 12  6 12  7 12  8 12
0 8  0 11  0 12  1 9  1 11  2 10  2 12  3 10  4 10  5 11  6 12  7 12
0 8  0 11  1 9  1 11  2 10  2 12  3 10  4 10  5 11  5 12  6 12  7 12
0 8  0 11  1 9  1 11  2 10  3 10  4 10  5 11  6 12  7 12  8 12  10 12
0 8  0 11  0 12  1 9  1 12  2 10  2 11  3 10  4 10  5 11  6 12  7 12
0 8  0 11  1 9  1 12  2 10  2 11  3 10  4 10  5 11  5 12  6 12  7 12
0 8  0 11  1 9  1 12  2 10  2 11  3 10  4 10  5 11  6 12  7 12  10 12
0 8  0 11  1 9  1 12  2 10  2 12  3 10  4 10  5 11  5 12  6 11  7 12
0 8  0 11  1 9  1 12  2 10  2 12  3 10  4 10  5 11  6 11  7 12  8 12
0 8  0 12  1 9  1 12  2 10  2 11  3 10  3 12  4 10  5 11  6 11  7 12
0 8  0 9  1 9  1 10  1 12  2 10  2 11  3 11  4 12  5 12  6 12  7 12
0 8  0 9  1 9  1 10  2 10  2 11  2 12  3 11  4 12  5 12  6 12  7 12
0 8  0 9  1 9  1 10  1 12  2 10  3 11  3 12  4 11  5 12  6 12  7 12
0 8  0 9  0 12  1 9  1 10  2 10  3 11  4 11  5 12  6 12  7 12  11 12
0 8  0 9  1 9  1 10  1 12  2 10  2 11  3 11  4 11  5 12  6 12  7 12
0 8  0 9  1 9  1 10  2 10  2 11  2 12  3 11  4 11  5 12  6 12  7 12
0 8  0 9  1 9  1 10  2 10  2 11  3 11  4 11  5 12  6 12  7 12  9 12
0 8  0 9  1 9  1 10  2 10  2 11  3 11  4 11  5 12  6 12  7 12  10 12
0 8  0 9  1 9  1 10  1 12  2 10  3 11  3 12  4 11  5 11  6 12  7 12
0 8  0 9  0 12  1 9  1 10  2 10  3 11  4 11  5 11  6 12  7 12  11 12
0 8  0 9  1 9  1 12  2 10  2 12  3 10  4 11  4 12  5 11  6 12  7 12
0 8  0 9  1 9  1 12  2 10  3 10  4 11  4 12  5 11  6 12  7 12  10 12
0 8  0 9  1 9  1 11  1 12  2 10  2 11  3 10  4 11  5 12  6 12  7 12
0 8  0 9  1 9  1 11  2 10  2 11  2 12  3 10  4 11  5 12  6 12  7 12
0 8  0 9  1 9  1 11  2 10  2 11  3 10  4 11  4 12  5 12  6 12  7 12
0 8  0 9  1 9  1 11  2 10  2 11  3 10  4 11  5 12  6 12  7 12  9 12
0 8  0 9  1 9  1 11  1 12  2 10  2 12  3 10  4 11  5 11  6 12  7 12
0 8  0 9  1 9  1 11  2 10  2 12  3 10  4 11  5 11  6 12  7 12  9 12
0 8  0 9  0 12  1 9  1 11  2 10  3 10  4 11  5 11  6 12  7 12  10 12
0 8  0 9  1 9  1 12  2 10  2 11  2 12  3 10  4 11  5 11  6 12  7 12
0 8  0 9  0 12  1 9  2 10  2 11  3 10  4 11  5 11  6 12  7 12  10 12
0 8  0 9  1 9  1 12  2 10  2 12  3 10  4 11  4 12  5 11  6 11  7 12
0 8  0 9  1 9  1 12  2 10  3 10  4 11  4 12  5 11  6 11  7 12  10 12
0 8  0 9  1 9  1 12  2 10  2 12  3 10  4 11  5 11  6 11  7 12  11 12
0 8  0 9  0 12  1 9  1 11  2 10  3 10  4 11  5 12  6 12  7 12  10 11
0 8  0 9  1 9  1 11  2 10  3 10  4 11  4 12  5 12  6 12  7 12  10 11
0 8  0 9  0 12  1 9  2 10  2 12  3 10  4 11  5 11  6 12  7 12  10 11
0 8  0 9  1 9  1 12  2 10  3 10  4 11  5 11  6 12  7 12  10 11  10 12
0 8  0 9  1 9  1 12  2 10  2 12  3 10  4 10  5 11  5 12  6 11  7 11
0 8  0 11  1 9  1 10  1 12  2 9  3 10  4 11  4 12  5 12  6 12  7 12
0 8  0 11  0 12  1 9  1 10  2 9  3 10  4 11  5 12  6 12  7 12  9 12
0 8  0 12  1 9  1 10  1 12  2 9  2 11  3 10  4 11  5 12  6 12  7 12
0 8  0 12  1 9  1 10  2 9  3 10  4 11  4 12  5 11  6 12  7 12  9 12
0 8  0 12  1 9  1 10  2 9  2 12  3 10  4 11  5 11  6 12  7 12  11 12
0 8  0 11  1 9  1 10  1 12  2 9  2 11  3 10  4 11  5 12  6 12  7 12
0 8  0 11  1 9  1 10  2 9  2 11  2 12  3 10  4 11  5 12  6 12  7 12
0 8  0 11  1 9  1 10  2 9  2 11  3 10  4 11  5 12  6 12  7 12  9 12
0 8  0 11  1 9  1 10  1 12  2 9  3 10  4 11  4 12  5 11  6 12  7 12
0 8  0 11  1 9  1 10  1 12  2 9  3 10  4 11  5 11  6 12  7 12  8 12
0 8  0 11  0 12  1 9  1 10  2 9  3 10  4 11  5 11  6 12  7 12  9 12
0 8  0 12  1 9  1 10  1 12  2 9  2 11  3 10  4 11  5 11  6 12  7 12
0 8  0 12  1 9  1 10  2 9  2 11  2 12  3 10  4 11  5 11  6 12  7 12
0 8  0 12  1 9  1 10  2 9  3 10  4 11  4 12  5 11  6 11  7 12  9 12
0 8  0 12  1 9  1 10  2 9  2 12  3 10  4 11  5 11  6 11  7 12  11 12
0 8  0 11  0 12  1 9  1 10  2 9  3 10  4 11  5 12  6 12  7 12  9 11
0 8  0 11  1 9  1 10  2 9  3 10  4 11  4 12  5 12  6 12  7 12  9 11
0 8  0 11  1 9  1 10  2 9  3 10  4 11  5 12  6 12  7 12  9 11  10 12
0 8  0 11  1 9  1 11  2 9  3 10  3 11  4 10  5 12  6 12  7 12  8 12
0 8  0 11  1 9  1 11  2 9  3 10  3 11  4 10  5 12  6 12  7 12  9 12
0 8  0 11  1 9  1 11  1 12  2 9  3 10  3 12  4 10  5 11  6 12  7 12
0 8  0 11  0 12  1 9  1 11  2 9  3 10  4 10  5 11  6 12  7 12  10 12
0 8  0 11  1 9  1 11  2 9  3 10  4 10  5 11  5 12  6 12  7 12  10 12
0 8  0 11  1 9  1 11  2 9  3 10  4 10  5 11  6 12  7 12  9 12  10 12
0 8  0 12  1 9  1 11  1 12  2 9  3 10  3 11  4 10  5 11  6 12  7 12
0 8  0 12  1 9  1 11  2 9  3 10  3 11  4 10  5 11  5 12  6 12  7 12
0 8  0 11  1 9  1 12  2 9  3 10  3 12  4 10  5 11  5 12  6 11  7 12
0 8  0 11  1 9  1 12  2 9  3 10  3 12  4 10  5 11  6 11  7 12  8 12
0 8  0 11  1 9  2 9  3 10  3 12  4 10  5 11  5 12  6 11  7 12  9 12
0 8  0 11  1 9  2 9  3 10  3 12  4 10  5 11  6 11  7 12  8 12  9 12
0 8  0 12  1 9  1 11  2 9  3 10  3 12  4 10  5 11  6 11  7 12  9 12
0 8  0 12  1 9  1 11  2 9  2 12  3 10  4 10  5 11  6 11  7 12  10 12
0 8  0 12  1 9  1 11  2 9  3 10  4 10  5 11  5 12  6 11  7 12  10 12
0 8  0 12  1 9  1 11  2 9  3 10  3 12  4 10  5 11  6 11  7 12  11 12
0 8  0 11  1 9  1 12  2 9  3 10  3 11  4 10  5 12  6 12  7 12  9 11
0 8  0 11  1 9  2 9  3 10  3 11  4 10  4 12  5 12  6 12  7 12  9 11
0 8  0 11  1 9  2 9  3 10  3 11  4 10  5 12  6 12  7 12  8 12  9 11
0 8  0 11  0 12  1 9  2 9  3 10  3 12  4 10  5 11  6 12  7 12  9 11
0 8  0 11  1 9  2 9  3 10  3 12  4 10  5 11  5 12  6 12  7 12  9 11
0 8  0 11  1 9  2 9  3 10  3 12  4 10  5 11  6 12  7 12  9 11  9 12
0 8  0 11  1 9  1 12  2 9  3 10  4 10  5 11  6 12  7 12  9 11  10 12
0 8  0 11  1 9  2 9  3 10  4 10  5 11  6 12  7 12  8 12  9 11  10 12
0 8  0 12  1 9  2 9  3 10  3 11  4 10  5 11  5 12  6 12  7 12  9 11
0 8  0 12  1 9  2 9  3 10  3 11  4 10  5 11  6 12  7 12  9 11  9 12
0 8  0 12  1 9  2 9  3 10  3 11  4 10  5 11  6 12  7 12  9 11  10 12
0 8  0 12  1 9  1 12  2 9  3 10  3 12  4 10  5 11  6 11  7 12  9 11
0 8  0 11  1 9  1 10  2 9  2 11  3 10  4 10  5 11  6 12  7 12  9 12
0 8  0 11  0 12  1 9  1 10  2 9  3 10  4 10  5 11  6 11  7 12  9 12
0 8  0 11  1 9  1 11  2 9  3 10  3 11  4 10  5 10  6 12  7 12  9 12
0 8  0 12  1 9  1 11  2 9  3 10  3 11  4 10  5 10  6 11  6 12  7 12
0 8  0 11  1 9  1 12  2 9  3 10  3 12  4 10  5 10  6 11  7 11  8 12
0 8  0 11  1 9  2 9  3 10  3 12  4 10  5 10  6 11  7 11  8 12  9 12
0 8  0 12  1 9  1 11  2 9  3 10  3 12  4 10  5 10  6 11  7 11  9 12
0 8  0 12  1 9  2 9  3 10  3 11  4 10  4 12  5 10  6 11  7 11  9 12
0 8  0 9  1 8  1 10  2 9  3 10  4 11  4 12  5 11  6 12  7 12  8 12
0 8  0 9  0 12  1 8  1 10  2 9  3 10  4 11  5 11  6 12  7 12  11 12
0 8  0 9  1 8  2 9  3 10  3 11  3 12  4 10  5 11  6 12  7 12  8 12
0 8  0 9  1 8  2 9  3 10  3 12  4 10  5 11  5 12  6 11  7 12  8 12
0 8  0 9  1 8  2 9  3 10  4 10  5 11  5 12  6 11  7 12  8 12  10 12
0 8  0 9  1 8  1 12  2 9  3 10  4 10  5 11  6 11  7 12  10 12  11 12
0 8  0 9  0 12  1 8  1 11  2 9  3 10  4 10  5 11  6 11  7 12  10 12
0 8  0 9  0 12  1 8  2 9  3 10  3 11  4 10  5 11  6 11  7 12  10 12
0 8  0 9  1 8  2 9  3 10  3 12  4 10  5 11  5 12  6 11  7 11  8 12
0 8  0 9  1 8  2 9  3 10  4 10  5 11  5 12  6 11  7 11  8 12  10 12
0 8  0 11  1 8  2 9  2 11  3 9  4 10  4 11  5 10  6 12  7 12  8 12
0 8  0 11  1 8  2 9  2 12  3 9  4 10  4 12  5 10  6 11  7 11  8 12
0 8  0 11  1 8  2 9  3 9  4 10  4 12  5 10  6 11  7 11  8 12  9 12
0 8  0 11  1 8  1 12  2 9  3 9  4 10  5 10  6 11  7 11  9 12  10 12
0 8  0 11  1 8  2 9  3 9  4 10  5 10  6 11  6 12  7 11  9 12  10 12
0 8  1 8  2 9  2 11  3 9  4 10  5 10  6 11  7 12  8 11  9 12  10 12
0 8  0 12  1 8  2 9  3 9  4 10  4 12  5 10  6 11  7 11  8 11  9 12
0 7  0 11  1 8  1 11  2 9  2 11  3 10  3 12  4 12  5 12  6 12  7 12
0 7  0 11  1 8  1 11  2 9  2 12  3 10  3 12  4 11  5 12  6 12  7 12
0 7  0 11  1 8  1 11  2 9  2 12  3 10  3 12  4 11  5 11  6 12  7 12
0 7  0 10  1 8  1 11  1 12  2 9  2 12  3 10  3 12  4 11  5 12  6 12
0 7  0 10  0 12  1 8  1 12  2 9  2 12  3 10  3 11  4 11  5 12  6 12
0 7  0 10  1 8  1 12  2 9  2 12  3 10  3 12  4 11  4 12  5 11  6 12
0 7  0 10  0 11  1 8  1 11  2 9  2 11  3 10  3 12  4 12  5 12  6 12
0 7  0 10  0 11  1 8  1 11  2 9  2 11  3 10  4 12  5 12  6 12  8 12
0 7  0 10  0 12  1 8  1 11  2 9  2 11  3 10  3 11  4 12  5 12  6 12
0 7  0 10  1 8  1 11  1 12  2 9  2 11  3 10  3 11  4 12  5 12  6 12
0 7  0 10  0 11  1 8  1 11  1 12  2 9  2 12  3 10  4 11  5 12  6 12
0 7  0 10  0 11  1 8  1 11  2 9  2 12  3 10  4 11  4 12  5 12  6 12
0 7  0 10  0 12  1 8  1 11  1 12  2 9  2 11  3 10  4 11  5 12  6 12
0 7  0 10  0 12  1 8  1 11  2 9  2 11  3 10  4 11  4 12  5 12  6 12
0 7  0 10  1 8  1 11  2 9  2 12  3 10  3 11  4 11  5 12  6 12  10 12
0 7  0 10  1 8  1 11  1 12  2 9  2 12  3 10  3 12  4 11  5 11  6 12
0 7  0 10  0 12  1 8  1 11  2 9  2 12  3 10  4 11  4 12  5 11  6 12
0 7  0 10  0 12  1 8  1 11  2 9  2 12  3 10  4 11  5 11  6 12  8 12
0 7  0 10  1 8  1 11  2 9  2 12  3 10  3 12  4 11  5 11  6 12  11 12
0 7  0 10  0 12  1 8  1 12  2 9  2 12  3 10  3 11  4 11  5 11  6 12
0 7  0 10  1 8  1 12  2 9  2 12  3 10  3 11  4 11  5 11  6 12  11 12
0 7  0 10  1 8  1 12  2 9  2 12  3 10  3 12  4 11  4 12  5 11  6 11
0 7  0 12  1 8  1 12  2 9  2 12  3 10  3 11  4 10  4 12  5 11  6 12
0 7  0 11  0 12  1 8  1 11  2 9  2 11  3 10  3 12  4 10  5 12  6 12
0 7  0 11  1 8  1 11  2 9  2 11  3 10  4 10  5 12  6 12  7 12  10 12
0 7  0 11  0 12  1 8  1 11  2 9  2 12  3 10  3 11  4 10  5 12  6 12
0 7  0 11  1 8  1 11  2 9  2 12  3 10  3 11  4 10  5 12  6 12  10 12
0 7  0 11  0 12  1 8  1 11  2 9  2 12  3 10  3 12  4 10  5 11  6 12
0 7  0 11  1 8  1 11  2 9  2 12  3 10  3 12  4 10  5 11  5 12  6 12
0 7  0 11  1 8  1 11  2 9  2 12  3 10  4 10  5 11  6 12  7 12  10 12
0 7  0 11  0 12  1 8  1 12  2 9  2 12  3 10  3 11  4 10  5 11  6 12
0 7  0 11  1 8  1 12  2 9  2 12  3 10  3 11  4 10  5 11  5 12  6 12
0 7  0 11  1 8  1 12  2 9  2 12  3 10  3 11  4 10  5 11  6 12  10 12
0 7  0 11  1 8  1 12  2 9  2 12  3 10  3 12  4 10  5 11  5 12  6 11
0 7  0 11  1 8  1 12  2 9  2 12  3 10  3 12  4 10  5 11  6 11  7 12
0 7  0 12  1 8  1 12  2 9  2 12  3 10  3 11  4 10  4 12  5 11  6 11
0 7  0 12  1 8  1 12  2 9  2 12  3 10  3 11  4 10  5 11  5 12  6 11
0 7  0 11  1 8  1 11  2 9  2 12  3 10  3 12  4 10  5 12  6 12  10 11
0 7  0 11  1 8  1 11  2 9  2 12  3 10  4 10  5 12  6 12  7 12  10 11
0 7  0 11  1 8  1 12  2 9  2 12  3 10  3 12  4 10  5 11  6 12  10 11
0 7  0 11  1 8  1 12  2 9  2 12  3 10  4 10  5 11  6 12  7 12  10 11
0 7  0 10  0 12  1 8  1 11  1 12  2 9  2 11  3 10  4 10  5 11  6 12
0 7  0 11  1 8  1 12  2 9  2 12  3 10  3 11  4 10  5 10  6 11  6 12
0 7  0 9  1 8  1 10  1 12  2 9  2 11  2 12  3 10  4 11  5 12  6 12
0 7  0 9  1 8  1 10  1 12  2 9  2 12  3 10  4 11  4 12  5 11  6 12
0 7  0 9  1 8  1 10  1 12  2 9  2 12  3 10  4 11  5 11  6 12  11 12
0 7  0 9  1 8  1 10  1 12  2 9  2 11  3 10  4 11  5 11  6 12  9 12
0 7  0 9  1 8  1 12  2 9  2 10  2 12  3 10  3 11  4 11  5 12  6 12
0 7  0 9  1 8  1 12  2 9  2 10  2 12  3 10  4 11  4 12  5 11  6 12
0 7  0 9  0 12  1 8  1 12  2 9  2 10  3 10  4 11  5 11  6 12  11 12
0 7  0 9  1 8  1 11  1 12  2 9  2 10  2 12  3 10  4 11  5 11  6 12
0 7  0 9  1 8  1 12  2 9  2 10  3 10  3 11  4 11  5 11  6 12  10 12
0 7  0 9  1 8  1 12  2 9  2 12  3 10  3 12  4 10  5 11  5 12  6 11
0 7  0 9  1 8  1 12  2 9  2 12  3 10  4 10  5 11  5 12  6 11  10 12
0 7  0 9  1 8  1 11  2 9  2 11  3 10  4 10  5 11  6 12  9 12  10 12
0 7  0 9  0 12  1 8  1 11  2 9  3 10  3 12  4 10  5 11  6 11  8 12
0 7  0 9  1 8  1 11  1 12  2 9  2 12  3 10  4 10  5 11  6 11  10 12
0 7  0 9  0 12  1 8  1 11  2 9  3 10  4 10  5 11  5 12  6 11  10 12
0 7  0 9  0 12  1 8  1 11  2 9  3 10  4 10  5 11  6 11  8 12  10 12
0 7  0 9  1 8  1 12  2 9  2 11  3 10  3 12  4 10  5 11  6 11  9 12
0 7  0 9  0 12  1 8  1 12  2 9  2 11  3 10  4 10  5 11  6 11  10 12
0 7  0 9  0 12  1 8  1 12  2 9  3 10  3 11  4 10  5 11  6 11  10 12
0 7  0 9  0 12  1 8  1 12  2 9  3 10  3 12  4 10  5 11  6 11  10 11
0 7  0 11  1 8  1 12  2 9  2 10  2 12  3 9  4 10  5 11  5 12  6 12
0 7  0 11  0 12  1 8  1 12  2 9  2 10  3 9  4 10  5 11  6 12  9 12
0 7  0 12  1 8  1 12  2 9  2 10  2 12  3 9  3 11  4 10  5 11  6 12
0 7  0 12  1 8  1 12  2 9  2 10  3 9  4 10  5 11  5 12  6 11  9 12
0 7  0 12  1 8  1 12  2 9  2 10  3 9  3 12  4 10  5 11  6 11  11 12
0 7  0 11  0 12  1 8  1 11  2 9  2 10  2 12  3 9  4 10  5 11  6 12
0 7  0 11  1 8  1 12  2 9  2 10  3 9  3 11  4 10  5 11  6 12  9 12
0 7  0 11  0 12  1 8  1 12  2 9  2 10  3 9  4 10  5 11  6 11  9 12
0 7  0 12  1 8  1 12  2 9  2 10  2 12  3 9  3 11  4 10  5 11  6 11
0 7  0 11  1 8  1 11  2 9  2 11  3 9  4 10  5 10  6 12  9 12  10 12
0 7  0 11  0 12  1 8  1 11  2 9  3 9  4 10  4 12  5 10  6 11  9 12
0 7  0 11  1 8  1 11  2 9  3 9  4 10  4 12  5 10  6 11  6 12  9 12
0 7  0 11  1 8  1 11  2 9  3 9  4 10  5 10  6 11  7 12  9 12  10 12
0 7  0 11  0 12  1 8  1 12  2 9  2 11  3 9  4 10  5 10  6 11  10 12
0 7  0 11  1 8  1 12  2 9  2 11  3 9  4 10  5 10  6 11  6 12  10 12
0 7  0 11  1 8  1 12  2 9  2 11  3 9  4 10  5 10  6 11  9 12  10 12
0 7  0 12  1 8  1 12  2 9  2 11  3 9  4 10  4 11  5 10  6 11  6 12
0 7  0 11  1 8  1 12  2 9  2 12  3 9  4 10  5 10  6 11  9 11  10 12
0 7  0 11  1 8  1 12  2 9  3 9  4 10  5 10  6 11  7 12  9 11  10 12
0 7  0 12  1 8  1 12  2 9  3 9  4 10  4 11  5 10  6 11  9 11  10 12
0 7  0 8  1 8  1 9  1 12  2 9  2 10  3 10  4 11  5 11  6 12  11 12
0 7  0 8  1 8  1 9  1 12  2 9  3 10  3 12  4 10  5 11  5 12  6 11
0 7  0 8  1 8  1 9  1 12  2 9  3 10  4 10  5 11  5 12  6 11  10 12
0 7  0 8  0 12  1 8  1 9  2 9  3 10  4 10  5 11  6 11  10 12  11 12
0 7  0 10  0 12  1 8  1 9  2 8  2 11  3 9  4 10  5 11  6 12  8 12
0 7  0 10  1 8  1 9  1 12  2 8  3 9  4 10  4 11  4 12  5 11  6 12
0 7  0 10  1 8  1 9  1 12  2 8  3 9  4 10  4 12  5 11  5 12  6 11
0 7  0 10  0 12  1 8  1 9  2 8  3 9  4 10  5 11  5 12  6 11  8 12
0 7  0 10  1 8  1 9  1 12  2 8  3 9  4 10  4 12  5 11  6 11  11 12
0 7  0 10  0 12  1 8  1 9  2 8  3 9  4 10  5 11  6 11  8 12  11 12
0 7  0 12  1 8  1 9  1 12  2 8  2 10  3 9  4 10  5 11  6 11  11 12
0 7  0 12  1 8  1 9  2 8  3 9  4 10  4 11  4 12  5 10  6 11  8 12
0 6  0 11  1 7  1 11  2 8  2 11  3 9  3 12  4 10  4 12  5 12  6 12
0 6  0 11  1 7  1 11  2 8  2 12  3 9  3 12  4 10  4 12  5 11  6 12
0 6  0 10  1 7  1 11  1 12  2 8  2 12  3 9  3 12  4 10  4 12  5 11
0 6  0 10  0 12  1 7  1 12  2 8  2 12  3 9  3 12  4 10  4 11  5 11
0 6  0 10  0 12  1 7  1 11  1 12  2 8  2 11  3 9  3 12  4 10  5 11
0 6  0 10  0 12  1 7  1 11  2 8  2 11  3 9  3 12  4 10  5 11  5 12
0 6  0 10  1 7  1 11  2 8  2 12  3 9  3 12  4 10  4 11  5 11  10 12
0 6  0 11  1 7  1 11  2 8  2 11  3 9  3 12  4 10  5 10  6 12  10 12
0 6  0 11  1 7  1 11  2 8  2 12  3 9  3 12  4 10  4 11  5 10  10 12
0 6  0 9  1 7  1 10  1 12  2 8  2 11  2 12  3 9  3 12  4 10  5 11
0 6  0 9  1 7  1 10  1 12  2 8  2 12  3 9  3 11  3 12  4 10  5 11
