0 10  0 11  1 11  1 12  2 12  2 13  3 13  3 14  4 14  5 14  6 14  7 14  8 14  9 14
0 10  0 11  1 11  1 12  2 12  2 14  3 13  3 14  4 13  5 14  6 14  7 14  8 14  9 14
0 10  0 11  1 11  1 12  2 12  2 13  3 13  3 14  4 13  5 14  6 14  7 14  8 14  9 14
0 10  0 11  1 11  1 12  2 12  2 13  3 13  4 13  5 14  6 14  7 14  8 14  9 14  10 14
0 10  0 11  1 11  1 12  2 12  2 14  3 13  3 14  4 13  5 13  6 14  7 14  8 14  9 14
0 10  0 11  1 11  1 12  2 12  2 13  3 13  3 14  4 13  5 13  6 14  7 14  8 14  9 14
0 10  0 11  1 11  1 12  2 12  2 13  3 13  4 13  5 13  6 14  7 14  8 14  9 14  10 14
0 10  0 11  1 11  1 12  2 12  2 14  3 13  3 14  4 13  5 13  6 13  7 14  8 14  9 14
0 10  0 11  1 11  1 13  2 12  2 13  3 12  3 14  4 13  5 14  6 14  7 14  8 14  9 14
0 10  0 11  1 11  1 13  2 12  2 13  3 12  4 13  5 14  6 14  7 14  8 14  9 14  10 14
0 10  0 11  1 11  1 13  2 12  2 14  3 12  4 13  4 14  5 13  6 14  7 14  8 14  9 14
0 10  0 11  1 11  1 13  2 12  2 14  3 12  4 13  5 13  6 14  7 14  8 14  9 14  10 14
0 10  0 11  1 11  1 14  2 12  2 13  3 12  3 14  4 13  5 13  6 14  7 14  8 14  9 14
0 10  0 11  1 11  1 14  2 12  2 13  3 12  4 13  4 14  5 13  6 14  7 14  8 14  9 14
0 10  0 11  1 11  1 13  2 12  2 13  3 12  3 14  4 13  5 13  6 14  7 14  8 14  9 14
0 10  0 11  1 11  1 13  2 12  2 13  3 12  4 13  5 13  6 14  7 14  8 14  9 14  10 14
0 10  0 11  1 11  1 13  2 12  2 14  3 12  4 13  4 14  5 13  6 13  7 14  8 14  9 14
0 10  0 11  1 11  1 13  2 12  2 14  3 12  4 13  5 13  6 13  7 14  8 14  9 14  10 14
0 10  0 11  1 11  1 14  2 12  2 13  3 12  3 14  4 13  5 13  6 13  7 14  8 14  9 14
0 10  0 11  1 11  1 14  2 12  2 13  3 12  4 13  4 14  5 13  6 13  7 14  8 14  9 14
0 10  0 11  1 11  1 12  2 12  2 14  3 12  4 13  5 13  6 14  7 14  8 14  9 14  10 13
0 10  0 11  1 11  1 12  2 12  2 14  3 12  4 13  4 14  5 13  6 13  7 13  8 14  9 14
0 10  0 11  1 11  1 12  2 12  3 12  4 13  4 14  5 13  6 13  7 13  8 14  9 14  10 14
0 10  0 11  1 11  1 12  2 12  2 14  3 12  4 13  5 13  6 13  7 14  8 14  9 14  10 13
0 10  0 11  1 11  1 13  2 12  2 13  3 12  3 14  4 12  5 13  6 14  7 14  8 14  9 14
0 10  0 11  1 11  1 13  2 12  2 13  3 12  4 12  5 13  6 14  7 14  8 14  9 14  10 14
0 10  0 11  1 11  1 13  2 12  2 14  3 12  4 12  5 13  5 14  6 13  7 14  8 14  9 14
0 10  0 11  1 11  1 13  2 12  2 14  3 12  4 12  5 13  6 13  7 14  8 14  9 14  10 14
0 10  0 11  1 11  1 14  2 12  2 13  3 12  3 14  4 12  5 13  6 13  7 14  8 14  9 14
0 10  0 11  1 11  1 13  2 12  2 14  3 12  4 12  5 13  6 13  7 13  8 14  9 14  10 14
0 10  0 11  1 11  1 14  2 12  2 13  3 12  3 14  4 12  5 13  6 13  7 13  8 14  9 14
0 10  0 11  1 11  1 14  2 12  2 13  3 12  4 12  5 13  5 14  6 13  7 13  8 14  9 14
0 10  0 13  1 11  1 12  2 11  2 14  3 12  4 13  4 14  5 14  6 14  7 14  8 14  9 14
0 10  0 14  1 11  1 12  2 11  2 13  3 12  3 14  4 13  5 14  6 14  7 14  8 14  9 14
0 10  0 13  1 11  1 12  2 11  2 13  3 12  3 14  4 13  5 14  6 14  7 14  8 14  9 14
0 10  0 13  1 11  1 12  2 11  2 13  3 12  4 13  5 14  6 14  7 14  8 14  9 14  10 14
0 10  0 13  1 11  1 12  2 11  2 14  3 12  4 13  4 14  5 13  6 14  7 14  8 14  9 14
0 10  0 13  1 11  1 12  2 11  2 14  3 12  4 13  5 13  6 14  7 14  8 14  9 14  10 14
0 10  0 14  1 11  1 12  2 11  2 13  3 12  3 14  4 13  5 13  6 14  7 14  8 14  9 14
0 10  0 14  1 11  1 12  2 11  2 13  3 12  4 13  4 14  5 13  6 14  7 14  8 14  9 14
0 10  0 13  1 11  1 12  2 11  2 13  3 12  3 14  4 13  5 13  6 14  7 14  8 14  9 14
0 10  0 13  1 11  1 12  2 11  2 13  3 12  4 13  5 13  6 14  7 14  8 14  9 14  10 14
0 10  0 13  1 11  1 12  2 11  2 14  3 12  4 13  4 14  5 13  6 13  7 14  8 14  9 14
0 10  0 13  1 11  1 12  2 11  2 14  3 12  4 13  5 13  6 13  7 14  8 14  9 14  10 14
0 10  0 14  1 11  1 12  2 11  2 13  3 12  3 14  4 13  5 13  6 13  7 14  8 14  9 14
0 10  0 14  1 11  1 12  2 11  2 13  3 12  4 13  4 14  5 13  6 13  7 14  8 14  9 14
0 10  0 13  1 11  1 13  2 11  2 14  3 12  3 14  4 12  5 13  6 14  7 14  8 14  9 14
0 10  0 13  1 11  1 13  2 11  3 12  3 14  4 12  5 13  6 14  7 14  8 14  9 14  10 14
0 10  0 14  1 11  1 13  2 11  2 14  3 12  3 13  4 12  5 13  6 14  7 14  8 14  9 14
0 10  0 13  1 11  1 13  2 11  2 14  3 12  3 14  4 12  5 13  6 13  7 14  8 14  9 14
0 10  0 13  1 11  1 13  2 11  3 12  3 14  4 12  5 13  6 13  7 14  8 14  9 14  10 14
0 10  0 14  1 11  1 13  2 11  2 14  3 12  3 13  4 12  5 13  6 13  7 14  8 14  9 14
0 10  0 12  1 11  1 12  2 11  2 13  3 12  4 13  5 13  6 13  7 14  8 14  9 14  10 14
0 10  0 12  1 11  1 12  2 11  2 14  3 12  4 13  4 14  5 13  6 13  7 13  8 14  9 14
0 10  0 12  1 11  1 12  2 11  3 12  4 13  4 14  5 13  6 13  7 13  8 14  9 14  10 14
0 10  0 12  1 11  1 13  2 11  2 14  3 12  4 12  5 13  6 14  7 14  8 14  9 14  10 13
0 10  0 12  1 11  1 13  2 11  3 12  3 14  4 12  5 13  6 14  7 14  8 14  9 14  10 13
0 10  0 12  1 11  1 14  2 11  3 12  3 14  4 12  5 13  6 13  7 14  8 14  9 14  10 13
0 10  0 12  1 11  1 13  2 11  2 14  3 12  3 14  4 12  5 13  6 13  7 13  8 14  9 14
0 10  0 12  1 11  1 13  2 11  3 12  3 14  4 12  5 13  5 14  6 13  7 13  8 14  9 14
0 10  0 12  1 11  1 13  2 11  2 14  3 12  4 12  5 13  6 13  7 13  8 14  9 14  10 14
0 10  0 12  1 11  1 14  2 11  3 12  3 13  4 12  5 13  6 13  7 13  8 14  9 14  10 14
0 10  0 12  1 11  1 14  2 11  3 12  3 14  4 12  5 13  6 13  7 13  8 14  9 14  10 13
0 10  0 12  1 11  1 14  2 11  3 12  4 12  5 13  5 14  6 13  7 13  8 14  9 14  10 13
0 10  0 13  1 11  1 12  2 11  2 13  3 12  3 14  4 12  5 13  6 14  7 14  8 14  9 14
0 10  0 13  1 11  1 12  2 11  2 13  3 12  4 12  5 13  6 14  7 14  8 14  9 14  10 14
0 10  0 13  1 11  1 12  2 11  2 14  3 12  3 13  4 12  5 13  6 14  7 14  8 14  9 14
0 10  0 13  1 11  1 12  2 11  3 12  3 13  4 12  5 13  6 14  7 14  8 14  9 14  10 14
0 10  0 13  1 11  1 12  2 11  2 14  3 12  4 12  5 13  5 14  6 13  7 14  8 14  9 14
0 10  0 13  1 11  1 12  2 11  3 12  3 14  4 12  5 13  5 14  6 13  7 14  8 14  9 14
0 10  0 13  1 11  1 12  2 11  2 14  3 12  4 12  5 13  6 13  7 14  8 14  9 14  10 14
0 10  0 13  1 11  1 12  2 11  3 12  3 14  4 12  5 13  6 13  7 14  8 14  9 14  10 14
0 10  0 14  1 11  1 12  2 11  2 13  3 12  3 14  4 12  5 13  6 13  7 14  8 14  9 14
0 10  0 13  1 11  1 12  2 11  2 14  3 12  4 12  5 13  6 13  7 13  8 14  9 14  10 14
0 10  0 13  1 11  1 12  2 11  3 12  3 14  4 12  5 13  6 13  7 13  8 14  9 14  10 14
0 10  0 14  1 11  1 12  2 11  2 13  3 12  3 14  4 12  5 13  6 13  7 13  8 14  9 14
0 10  0 14  1 11  1 12  2 11  2 13  3 12  4 12  5 13  5 14  6 13  7 13  8 14  9 14
0 10  0 14  1 11  1 12  2 11  2 14  3 12  3 13  4 12  5 13  6 13  7 13  8 14  9 14
0 10  0 14  1 11  1 12  2 11  3 12  3 13  4 12  5 13  5 14  6 13  7 13  8 14  9 14
0 10  0 13  1 11  1 13  2 11  2 14  3 12  3 14  4 12  5 12  6 13  7 14  8 14  9 14
0 10  0 13  1 11  1 13  2 11  3 12  3 14  4 12  5 12  6 13  7 14  8 14  9 14  10 14
0 10  0 13  1 11  1 14  2 11  3 12  3 13  4 12  4 14  5 12  6 13  7 14  8 14  9 14
0 10  0 13  1 11  1 14  2 11  3 12  3 13  4 12  5 12  6 13  7 14  8 14  9 14  10 14
0 10  0 14  1 11  1 13  2 11  2 14  3 12  3 13  4 12  5 12  6 13  7 14  8 14  9 14
0 10  0 14  1 11  1 13  2 11  3 12  3 13  4 12  4 14  5 12  6 13  7 14  8 14  9 14
0 10  0 13  1 11  1 13  2 11  3 12  3 14  4 12  5 12  6 13  7 13  8 14  9 14  10 14
0 10  0 14  1 11  1 13  2 11  2 14  3 12  3 13  4 12  5 12  6 13  7 13  8 14  9 14
0 10  0 14  1 11  1 13  2 11  3 12  3 13  4 12  4 14  5 12  6 13  7 13  8 14  9 14
0 10  0 12  1 11  1 12  2 11  2 14  3 11  4 12  5 13  6 13  7 14  8 14  9 14  10 13
0 10  0 12  1 11  1 12  2 11  3 11  4 12  5 13  5 14  6 13  7 14  8 14  9 14  10 13
0 10  0 12  1 11  1 14  2 11  3 11  4 12  4 14  5 12  6 13  7 13  8 14  9 14  10 13
0 10  0 13  1 11  1 12  2 11  2 13  3 11  4 12  4 14  5 12  6 13  7 14  8 14  9 14
0 10  0 13  1 11  1 12  2 11  2 13  3 11  4 12  5 12  6 13  7 14  8 14  9 14  10 14
0 10  0 13  1 11  1 12  2 11  2 14  3 11  4 12  5 12  6 13  6 14  7 13  8 14  9 14
0 10  0 13  1 11  1 12  2 11  2 14  3 11  4 12  5 12  6 13  7 13  8 14  9 14  10 14
0 10  0 14  1 11  1 12  2 11  2 13  3 11  4 12  4 14  5 12  6 13  7 13  8 14  9 14
0 10  0 13  1 11  1 13  2 11  2 14  3 11  4 12  4 14  5 12  6 12  7 13  8 14  9 14
0 10  0 13  1 11  1 13  2 11  3 11  4 12  4 14  5 12  6 12  7 13  8 14  9 14  10 14
0 10  0 11  1 10  1 12  2 11  2 13  3 12  4 13  5 14  6 14  7 14  8 14  9 14  12 14
0 10  0 11  1 10  1 12  2 11  3 12  4 13  4 14  5 13  6 14  7 14  8 14  9 14  11 14
0 10  0 11  1 10  1 12  2 11  2 14  3 12  4 13  5 13  6 14  7 14  8 14  9 14  13 14
0 10  0 11  1 10  1 12  2 11  2 13  3 12  4 13  5 13  6 14  7 14  8 14  9 14  12 14
0 10  0 11  1 10  1 12  2 11  2 13  3 12  4 13  5 13  6 14  7 14  8 14  9 14  13 14
0 10  0 11  1 10  1 12  2 11  3 12  4 13  4 14  5 13  6 13  7 14  8 14  9 14  11 14
0 10  0 11  1 10  1 12  2 11  2 14  3 12  4 13  5 13  6 13  7 14  8 14  9 14  13 14
0 10  0 11  1 10  1 12  2 11  3 12  4 13  4 14  5 13  6 13  7 13  8 14  9 14  11 14
0 10  0 11  1 10  1 12  2 11  3 12  3 14  4 13  5 13  6 13  7 14  8 14  9 14  11 13
0 10  0 11  1 10  2 11  3 12  3 13  4 12  4 14  5 13  6 14  7 14  8 14  9 14  10 14
0 10  0 11  1 10  1 13  2 11  3 12  3 13  4 12  5 13  6 14  7 14  8 14  9 14  11 14
0 10  0 11  1 10  1 13  2 11  3 12  3 13  4 12  5 13  6 14  7 14  8 14  9 14  12 14
0 10  0 11  1 10  1 13  2 11  3 12  3 14  4 12  5 13  6 13  7 14  8 14  9 14  11 14
0 10  0 11  1 10  1 13  2 11  2 14  3 12  4 12  5 13  6 13  7 14  8 14  9 14  12 14
0 10  0 11  1 10  1 13  2 11  3 12  4 12  5 13  5 14  6 13  7 14  8 14  9 14  12 14
0 10  0 11  1 10  1 13  2 11  3 12  3 14  4 12  5 13  6 13  7 14  8 14  9 14  13 14
0 10  0 11  1 10  2 11  3 12  3 13  4 12  4 14  5 13  6 13  7 14  8 14  9 14  10 14
0 10  0 11  1 10  2 11  3 12  3 13  4 12  5 13  5 14  6 13  7 14  8 14  9 14  10 14
0 10  0 11  1 10  1 14  2 11  3 12  3 13  4 12  5 13  6 13  7 14  8 14  9 14  12 14
0 10  0 11  1 10  1 14  2 11  3 12  3 13  4 12  5 13  6 13  7 14  8 14  9 14  13 14
0 10  0 11  1 10  2 11  2 14  3 12  3 13  4 12  5 13  6 14  7 14  8 14  9 14  10 13
0 10  0 11  1 10  1 13  2 11  2 14  3 12  4 12  5 13  6 14  7 14  8 14  9 14  12 13
0 10  0 11  1 10  1 13  2 11  3 12  3 14  4 12  5 13  6 14  7 14  8 14  9 14  12 13
0 10  0 11  1 10  1 14  2 11  3 12  3 14  4 12  5 13  6 13  7 14  8 14  9 14  12 13
0 10  0 11  1 10  1 13  2 11  3 12  3 14  4 12  5 13  6 13  7 13  8 14  9 14  11 14
0 10  0 11  1 10  2 11  3 12  3 13  4 12  4 14  5 13  6 13  7 13  8 14  9 14  10 14
0 10  0 11  1 10  1 14  2 11  3 12  3 13  4 12  5 13  6 13  7 13  8 14  9 14  12 14
0 10  0 11  1 10  2 11  2 14  3 12  3 14  4 12  5 13  6 13  7 13  8 14  9 14  10 13
0 10  0 11  1 10  2 11  3 12  3 14  4 12  5 13  5 14  6 13  7 13  8 14  9 14  10 13
0 10  0 11  1 10  1 13  2 11  2 14  3 12  4 12  5 13  6 13  7 14  8 14  9 14  12 13
0 10  0 11  1 10  1 14  2 11  3 12  3 14  4 12  5 13  6 13  7 13  8 14  9 14  12 13
0 10  0 11  1 10  1 14  2 11  3 12  4 12  5 13  5 14  6 13  7 13  8 14  9 14  12 13
0 10  0 11  1 10  1 13  2 11  3 12  3 13  4 12  5 12  6 13  7 14  8 14  9 14  11 14
0 10  0 11  1 10  1 13  2 11  3 12  3 14  4 12  5 12  6 13  7 13  8 14  9 14  11 14
0 10  0 11  1 10  1 13  2 11  2 14  3 12  4 12  5 12  6 13  7 13  8 14  9 14  12 14
0 10  0 11  1 10  1 13  2 11  3 12  4 12  5 12  6 13  6 14  7 13  8 14  9 14  12 14
0 10  0 11  1 10  2 11  3 12  3 13  4 12  4 14  5 12  6 13  7 13  8 14  9 14  10 14
0 10  0 11  1 10  1 14  2 11  3 12  3 13  4 12  5 12  6 13  7 13  8 14  9 14  12 14
0 10  0 13  1 10  2 11  2 13  3 11  4 12  4 14  5 12  6 13  7 14  8 14  9 14  10 14
0 10  0 13  1 10  1 14  2 11  2 13  3 11  4 12  5 12  6 13  7 14  8 14  9 14  12 14
0 10  0 14  1 10  2 11  2 13  3 11  4 12  4 14  5 12  6 13  7 14  8 14  9 14  10 13
0 10  1 10  2 11  2 13  3 11  3 14  4 12  4 14  5 12  6 13  7 14  8 14  9 14  10 13
0 10  0 14  1 10  2 11  2 13  3 11  4 12  4 14  5 12  6 13  7 13  8 14  9 14  10 13
0 10  1 10  2 11  2 13  3 11  3 14  4 12  4 14  5 12  6 13  7 13  8 14  9 14  10 13
0 10  0 12  1 10  1 13  2 11  2 13  3 11  4 12  5 12  6 13  7 14  8 14  9 14  11 14
0 10  0 12  1 10  2 11  2 13  3 11  4 12  4 13  5 12  6 13  7 14  8 14  9 14  10 14
0 10  0 12  1 10  1 13  2 11  3 11  4 12  4 14  5 12  6 13  7 13  8 14  9 14  11 14
0 10  0 12  1 10  1 13  2 11  2 14  3 11  4 12  5 12  6 13  7 13  8 14  9 14  12 14
0 10  0 12  1 10  2 11  2 13  3 11  3 14  4 12  5 12  6 13  7 13  8 14  9 14  10 14
0 10  0 12  1 10  2 11  2 13  3 11  4 12  5 12  6 13  6 14  7 13  8 14  9 14  10 14
0 10  0 12  1 10  2 11  2 13  3 11  4 12  5 12  6 13  6 14  7 13  8 14  9 14  12 14
0 10  0 13  1 10  2 11  2 13  3 11  4 12  4 14  5 12  6 12  7 13  8 14  9 14  10 14
0 10  0 13  1 10  1 14  2 11  2 13  3 11  4 12  5 12  6 12  7 13  8 14  9 14  12 14
0 10  0 13  1 10  2 11  2 14  3 11  4 12  4 13  5 12  6 12  7 13  8 14  9 14  10 14
0 10  0 13  1 10  1 14  2 11  3 11  4 12  4 13  5 12  6 12  7 13  8 14  9 14  11 14
0 10  0 13  1 10  2 11  3 11  4 12  4 13  5 12  5 14  6 12  7 13  8 14  9 14  11 14
0 10  0 13  1 10  2 11  2 12  3 11  3 14  4 12  5 13  6 13  7 14  8 14  9 14  10 12
0 10  0 13  1 10  2 11  2 12  3 11  4 12  5 13  5 14  6 13  7 14  8 14  9 14  10 12
0 10  0 14  1 10  2 11  2 12  3 11  3 13  4 12  5 13  6 13  7 14  8 14  9 14  10 12
0 10  1 10  2 11  2 12  3 11  3 13  4 12  5 13  5 14  6 13  7 14  8 14  9 14  10 12
0 10  0 14  1 10  2 11  2 12  3 11  4 12  5 13  5 14  6 13  7 13  8 14  9 14  10 12
0 10  1 10  2 11  2 12  3 11  3 14  4 12  5 13  5 14  6 13  7 13  8 14  9 14  10 12
0 10  0 13  1 10  2 11  2 13  3 11  3 14  4 12  5 12  6 13  7 14  8 14  9 14  10 12
0 10  0 13  1 10  2 11  2 13  3 11  4 12  4 14  5 12  6 13  7 14  8 14  9 14  10 12
0 10  0 13  1 10  2 11  2 14  3 11  4 12  4 14  5 12  6 13  7 13  8 14  9 14  10 12
0 10  0 13  1 10  2 11  2 14  3 11  4 12  5 12  6 13  6 14  7 13  8 14  9 14  10 12
0 10  0 14  1 10  2 11  2 13  3 11  3 14  4 12  5 12  6 13  7 13  8 14  9 14  10 12
0 10  0 14  1 10  2 11  2 13  3 11  4 12  5 12  6 13  6 14  7 13  8 14  9 14  10 12
0 10  0 13  1 10  2 11  2 12  3 11  3 14  4 11  5 12  6 12  7 13  8 13  9 14  10 14
0 10  1 10  2 11  2 12  3 11  3 13  4 11  5 12  5 14  6 12  7 13  8 13  9 14  10 14
0 9  0 12  1 10  1 13  2 11  2 13  3 12  3 14  4 13  5 14  6 14  7 14  8 14  10 14
0 9  0 12  1 10  1 13  2 11  2 14  3 12  3 13  4 13  5 14  6 14  7 14  8 14  9 14
0 9  0 12  1 10  1 13  2 11  2 14  3 12  3 13  4 13  5 14  6 14  7 14  8 14  10 14
0 9  0 12  1 10  1 13  2 11  2 13  3 12  3 14  4 13  5 13  6 14  7 14  8 14  10 14
0 9  0 12  1 10  1 13  2 11  2 14  3 12  3 13  4 13  5 13  6 14  7 14  8 14  9 14
0 9  0 12  1 10  1 13  2 11  2 14  3 12  3 13  4 13  5 13  6 14  7 14  8 14  10 14
0 9  0 12  1 10  1 12  2 11  2 13  3 12  4 13  5 14  6 14  7 14  8 14  9 13  10 14
0 9  0 12  1 10  1 12  2 11  2 13  3 12  4 13  5 13  6 13  7 14  8 14  9 14  11 14
0 9  0 12  1 10  1 12  2 11  2 14  3 12  4 13  4 14  5 13  6 13  7 14  8 14  9 13
0 9  0 12  1 10  1 12  2 11  2 14  3 12  4 13  5 13  6 13  7 14  8 14  9 13  10 14
0 9  0 12  1 10  1 13  2 11  2 13  3 12  3 14  4 12  5 13  6 14  7 14  8 14  10 14
0 9  0 12  1 10  1 13  2 11  2 13  3 12  4 12  5 13  6 14  7 14  8 14  9 14  10 14
0 9  0 12  1 10  1 13  2 11  2 14  3 12  3 13  4 12  5 13  6 14  7 14  8 14  9 14
0 9  0 12  1 10  1 13  2 11  2 14  3 12  3 14  4 12  5 13  6 14  7 14  8 14  9 13
0 9  0 12  1 10  1 13  2 11  2 14  3 12  4 12  5 13  6 14  7 14  8 14  9 13  10 14
0 9  0 12  1 10  1 13  2 11  2 14  3 12  3 13  4 12  5 13  6 13  7 14  8 14  10 14
0 9  0 12  1 10  1 13  2 11  2 14  3 12  3 14  4 12  5 13  6 13  7 14  8 14  9 13
0 9  0 12  1 10  1 13  2 11  2 14  3 12  4 12  5 13  6 13  7 14  8 14  9 13  10 14
0 9  0 11  0 14  1 10  1 12  2 11  2 13  3 12  3 14  4 13  5 14  6 14  7 14  8 14
0 9  0 11  1 10  1 12  1 14  2 11  2 13  3 12  4 13  4 14  5 14  6 14  7 14  8 14
0 9  0 11  0 14  1 10  1 12  2 11  2 13  3 12  3 13  4 13  5 14  6 14  7 14  8 14
0 9  0 11  0 14  1 10  1 12  2 11  2 13  3 12  3 14  4 13  5 13  6 14  7 14  8 14
0 9  0 11  1 10  1 12  1 14  2 11  2 13  3 12  4 13  4 14  5 13  6 14  7 14  8 14
0 9  0 11  1 10  1 12  1 14  2 11  2 13  3 12  4 13  5 13  6 14  7 14  8 14  9 14
0 9  0 11  1 10  1 12  2 11  2 13  3 12  3 14  4 13  5 13  6 14  7 14  8 14  13 14
0 9  0 11  0 13  1 10  1 12  2 11  2 14  3 12  3 14  4 13  5 13  6 13  7 14  8 14
0 9  0 11  0 13  1 10  1 12  2 11  3 12  3 14  4 13  4 14  5 13  6 13  7 14  8 14
0 9  0 11  0 14  1 10  1 12  2 11  2 13  3 12  3 14  4 13  5 13  6 13  7 14  8 14
0 9  0 11  1 10  1 12  1 14  2 11  2 13  3 12  4 13  5 13  6 13  7 14  8 14  9 14
0 9  0 11  0 14  1 10  1 14  2 11  2 12  3 12  3 13  4 13  5 14  6 14  7 14  8 14
0 9  0 11  1 10  1 14  2 11  2 12  3 12  3 14  4 13  4 14  5 13  6 14  7 14  8 14
0 9  0 11  0 13  1 10  1 13  2 11  2 12  3 12  3 14  4 13  5 14  6 14  7 14  8 14
0 9  0 11  0 13  1 10  1 13  2 11  2 12  3 12  4 13  5 14  6 14  7 14  8 14  10 14
0 9  0 11  0 14  1 10  1 13  2 11  2 12  3 12  3 13  4 13  5 14  6 14  7 14  8 14
0 9  0 11  1 10  1 13  1 14  2 11  2 12  3 12  3 13  4 13  5 14  6 14  7 14  8 14
0 9  0 11  1 10  1 13  2 11  2 12  3 12  3 13  4 13  4 14  5 14  6 14  7 14  8 14
0 9  0 11  1 10  1 13  1 14  2 11  2 12  3 12  3 14  4 13  5 13  6 14  7 14  8 14
0 9  0 11  0 14  1 10  1 13  2 11  2 12  3 12  4 13  4 14  5 13  6 14  7 14  8 14
0 9  0 11  0 14  1 10  1 13  2 11  2 12  3 12  4 13  5 13  6 14  7 14  8 14  10 14
0 9  0 11  1 10  1 13  2 11  2 12  3 12  3 14  4 13  5 13  6 14  7 14  8 14  13 14
0 9  0 11  0 14  1 10  1 14  2 11  2 12  3 12  3 13  4 13  5 13  6 14  7 14  8 14
0 9  0 11  1 10  1 14  2 11  2 12  3 12  3 13  4 13  5 13  6 14  7 14  8 14  13 14
0 9  0 11  1 10  1 14  2 11  2 12  3 12  3 14  4 13  4 14  5 13  6 13  7 14  8 14
0 9  0 11  0 13  1 10  1 14  2 11  2 12  3 12  3 14  4 13  5 13  6 13  7 14  8 14
0 9  0 11  0 13  1 10  1 14  2 11  2 12  3 12  4 13  4 14  5 13  6 13  7 14  8 14
0 9  0 11  1 10  1 13  1 14  2 11  2 12  3 12  3 14  4 13  5 13  6 13  7 14  8 14
0 9  0 11  0 14  1 10  1 13  2 11  2 12  3 12  4 13  5 13  6 13  7 14  8 14  10 14
0 9  0 11  0 14  1 10  1 14  2 11  2 12  3 12  3 13  4 13  5 13  6 13  7 14  8 14
0 9  0 11  1 10  1 14  2 11  2 12  3 12  3 14  4 13  4 14  5 13  6 13  7 13  8 14
0 9  0 11  1 10  1 13  2 11  2 13  3 12  3 13  4 12  4 14  5 14  6 14  7 14  8 14
0 9  0 11  1 10  1 13  2 11  2 13  3 12  3 13  4 12  5 14  6 14  7 14  8 14  9 14
0 9  0 11  0 13  1 10  1 13  2 11  2 14  3 12  3 14  4 12  5 13  6 14  7 14  8 14
0 9  0 11  0 14  1 10  1 13  2 11  2 13  3 12  3 14  4 12  5 13  6 14  7 14  8 14
0 9  0 11  1 10  1 13  1 14  2 11  2 13  3 12  3 14  4 12  5 13  6 14  7 14  8 14
0 9  0 11  1 10  1 13  2 11  2 13  3 12  3 14  4 12  5 13  5 14  6 14  7 14  8 14
0 9  0 11  1 10  1 13  2 11  2 13  3 12  4 12  5 13  6 14  7 14  8 14  9 14  12 14
0 9  0 11  1 10  1 13  2 11  2 13  3 12  4 12  5 13  6 14  7 14  8 14  10 14  12 14
0 9  0 11  1 10  1 13  1 14  2 11  2 14  3 12  3 13  4 12  5 13  6 14  7 14  8 14
0 9  0 11  0 14  1 10  1 13  2 11  3 12  3 13  4 12  4 14  5 13  6 14  7 14  8 14
0 9  0 11  1 10  1 13  2 11  2 14  3 12  3 13  4 12  5 13  5 14  6 14  7 14  8 14
0 9  0 11  0 14  1 10  1 13  2 11  3 12  3 13  4 12  5 13  6 14  7 14  8 14  10 14
0 9  0 11  1 10  1 13  2 11  2 14  3 12  3 13  4 12  5 13  6 14  7 14  8 14  12 14
0 9  0 11  0 14  1 10  1 14  2 11  2 13  3 12  3 13  4 12  5 13  6 14  7 14  8 14
0 9  0 11  1 10  1 14  2 11  2 13  3 12  3 13  4 12  5 13  6 14  7 14  8 14  12 14
0 9  0 11  1 10  1 14  2 11  2 13  3 12  3 14  4 12  5 13  5 14  6 13  7 14  8 14
0 9  0 11  1 10  1 14  2 11  2 13  3 12  3 14  4 12  5 13  6 13  7 14  8 14  9 14
0 9  0 11  1 10  1 14  2 11  2 14  3 12  3 13  4 12  4 14  5 13  6 13  7 14  8 14
0 9  0 11  1 10  1 14  2 11  2 14  3 12  3 13  4 12  5 13  5 14  6 13  7 14  8 14
0 9  0 11  1 10  1 13  2 11  2 14  3 12  3 14  4 12  5 13  6 14  7 14  8 14  12 13
0 9  0 11  1 10  1 13  2 11  2 14  3 12  4 12  5 13  6 14  7 14  8 14  10 14  12 13
0 9  0 11  1 10  1 14  2 11  2 13  3 12  3 14  4 12  5 13  6 14  7 14  8 14  12 13
0 9  0 11  1 10  1 14  2 11  2 13  3 12  4 12  5 13  6 14  7 14  8 14  9 14  12 13
0 9  0 11  0 13  1 10  1 13  2 11  2 14  3 12  3 14  4 12  5 13  6 13  7 14  8 14
0 9  0 11  0 13  1 10  1 13  2 11  3 12  3 14  4 12  5 13  6 13  7 14  8 14  10 14
0 9  0 11  0 13  1 10  1 14  2 11  2 14  3 12  3 13  4 12  5 13  6 13  7 14  8 14
0 9  0 11  0 13  1 10  1 14  2 11  3 12  3 13  4 12  4 14  5 13  6 13  7 14  8 14
0 9  0 11  1 10  1 13  1 14  2 11  2 14  3 12  3 13  4 12  5 13  6 13  7 14  8 14
0 9  0 11  1 10  1 14  2 11  2 13  3 12  3 14  4 12  5 13  5 14  6 13  7 13  8 14
0 9  0 11  1 10  1 14  2 11  2 13  3 12  3 14  4 12  5 13  6 13  7 13  8 14  9 14
0 9  0 11  1 10  1 14  2 11  2 14  3 12  3 13  4 12  4 14  5 13  6 13  7 13  8 14
0 9  0 11  1 10  1 14  2 11  2 14  3 12  3 13  4 12  5 13  5 14  6 13  7 13  8 14
0 9  0 11  1 10  1 13  2 11  2 14  3 12  3 14  4 12  5 13  6 13  7 14  8 14  12 13
0 9  0 11  1 10  1 13  2 11  2 14  3 12  4 12  5 13  6 13  7 14  8 14  10 14  12 13
0 9  0 11  1 10  1 14  2 11  2 13  3 12  3 14  4 12  5 13  6 13  7 14  8 14  12 13
0 9  0 11  1 10  1 14  2 11  2 13  3 12  4 12  5 13  6 13  7 14  8 14  9 14  12 13
0 9  0 11  0 12  1 10  1 12  2 11  2 13  3 12  4 13  4 14  5 13  6 14  7 14  8 14
0 9  0 11  0 12  1 10  1 12  2 11  2 13  3 12  4 13  5 13  6 14  7 14  8 14  10 14
0 9  0 11  0 12  1 10  1 12  2 11  2 14  3 12  4 13  4 14  5 13  6 13  7 14  8 14
0 9  0 11  1 10  1 12  1 13  2 11  2 13  3 12  3 14  4 12  5 13  6 14  7 14  8 14
0 9  0 11  1 10  1 12  1 13  2 11  2 13  3 12  4 12  5 13  6 14  7 14  8 14  9 14
0 9  0 11  1 10  1 12  1 13  2 11  2 14  3 12  3 14  4 12  5 13  6 13  7 14  8 14
0 9  0 11  0 14  1 10  1 12  2 11  2 13  3 12  4 12  5 13  6 14  7 14  8 14  10 13
0 9  0 11  0 14  1 10  1 12  2 11  3 12  3 14  4 12  5 13  6 13  7 14  8 14  10 13
0 9  0 11  1 10  1 12  2 11  2 14  3 12  4 12  5 13  6 13  7 14  8 14  10 13  12 14
0 9  0 11  0 14  1 10  1 13  2 11  2 12  3 12  3 13  4 12  5 13  6 14  7 14  8 14
0 9  0 11  1 10  1 13  1 14  2 11  2 12  3 12  3 13  4 12  5 13  6 14  7 14  8 14
0 9  0 11  1 10  1 13  2 11  2 12  3 12  3 13  4 12  5 13  5 14  6 14  7 14  8 14
0 9  0 11  1 10  1 13  1 14  2 11  2 12  3 12  3 14  4 12  5 13  6 13  7 14  8 14
0 9  0 11  0 14  1 10  1 13  2 11  2 12  3 12  4 12  5 13  5 14  6 13  7 14  8 14
0 9  0 11  1 10  1 13  1 14  2 11  2 12  3 12  4 12  5 13  6 13  7 14  8 14  9 14
0 9  0 11  0 14  1 10  1 13  2 11  2 12  3 12  4 12  5 13  6 13  7 14  8 14  10 14
0 9  0 11  1 10  1 13  1 14  2 11  2 12  3 12  4 12  5 13  6 14  7 14  8 14  9 13
0 9  0 11  1 10  1 13  2 11  2 12  3 12  4 12  5 13  5 14  6 14  7 14  8 14  9 13
0 9  0 11  1 10  1 14  2 11  2 12  3 12  4 12  5 13  6 13  7 14  8 14  9 13  12 14
0 9  0 11  1 10  1 13  2 11  2 13  3 12  3 13  4 12  4 14  5 12  6 14  7 14  8 14
0 9  0 11  1 10  1 13  2 11  2 13  3 12  3 13  4 12  5 12  6 14  7 14  8 14  9 14
0 9  0 11  0 14  1 10  1 13  2 11  2 13  3 12  3 14  4 12  5 12  6 13  7 14  8 14
0 9  0 11  1 10  1 13  1 14  2 11  2 13  3 12  3 14  4 12  5 12  6 13  7 14  8 14
0 9  0 11  1 10  1 13  2 11  2 13  3 12  3 14  4 12  5 12  6 13  6 14  7 14  8 14
0 9  0 11  1 10  1 13  2 11  2 13  3 12  4 12  5 12  6 13  7 14  8 14  9 14  12 14
0 9  0 11  1 10  1 13  2 11  2 13  3 12  4 12  5 12  6 13  7 14  8 14  10 14  12 14
0 9  0 11  1 10  1 13  1 14  2 11  2 14  3 12  3 13  4 12  5 12  6 13  7 14  8 14
0 9  0 11  0 14  1 10  1 13  2 11  3 12  3 13  4 12  4 14  5 12  6 13  7 14  8 14
0 9  0 11  1 10  1 13  2 11  2 14  3 12  3 13  4 12  5 12  6 13  6 14  7 14  8 14
0 9  0 11  0 14  1 10  1 13  2 11  3 12  3 13  4 12  5 12  6 13  7 14  8 14  10 14
0 9  0 11  1 10  1 13  2 11  2 14  3 12  3 13  4 12  5 12  6 13  7 14  8 14  12 14
0 9  0 11  0 14  1 10  1 14  2 11  2 13  3 12  3 13  4 12  5 12  6 13  7 14  8 14
0 9  0 11  1 10  1 14  2 11  2 13  3 12  3 13  4 12  5 12  6 13  7 14  8 14  12 14
0 9  0 11  1 10  1 14  2 11  2 13  3 12  3 14  4 12  5 12  6 13  6 14  7 13  8 14
0 9  0 11  1 10  1 14  2 11  2 13  3 12  3 14  4 12  5 12  6 13  7 13  8 14  9 14
0 9  0 11  1 10  1 14  2 11  2 14  3 12  3 13  4 12  4 14  5 12  6 13  7 13  8 14
0 9  0 13  1 10  1 14  2 11  2 12  3 11  3 14  4 12  5 13  5 14  6 14  7 14  8 14
0 9  0 14  1 10  1 14  2 11  2 12  3 11  3 13  4 12  4 14  5 13  6 14  7 14  8 14
0 9  0 13  1 10  1 13  2 11  2 12  3 11  3 13  4 12  4 14  5 14  6 14  7 14  8 14
0 9  0 13  1 10  1 13  2 11  2 12  3 11  3 13  4 12  5 14  6 14  7 14  8 14  9 14
0 9  0 13  0 14  1 10  1 13  2 11  2 12  3 11  3 14  4 12  5 13  6 14  7 14  8 14
0 9  0 13  1 10  1 13  2 11  2 12  3 11  3 14  4 12  5 13  5 14  6 14  7 14  8 14
0 9  0 13  1 10  1 13  2 11  2 12  3 11  4 12  5 13  6 14  7 14  8 14  9 14  11 14
0 9  0 13  0 14  1 10  1 14  2 11  2 12  3 11  3 13  4 12  5 13  6 14  7 14  8 14
0 9  0 13  1 10  1 14  2 11  2 12  3 11  3 13  4 12  5 13  5 14  6 14  7 14  8 14
0 9  0 13  1 10  1 14  2 11  2 12  3 11  3 13  4 12  5 13  6 14  7 14  8 14  12 14
0 9  0 13  1 10  1 14  2 11  2 12  3 11  3 14  4 12  5 13  5 14  6 13  7 14  8 14
0 9  0 13  1 10  1 14  2 11  2 12  3 11  3 14  4 12  5 13  6 13  7 14  8 14  9 14
0 9  0 14  1 10  1 14  2 11  2 12  3 11  3 13  4 12  4 14  5 13  6 13  7 14  8 14
0 9  0 14  1 10  1 14  2 11  2 12  3 11  3 13  4 12  5 13  5 14  6 13  7 14  8 14
0 9  0 13  1 10  1 14  2 11  2 12  3 11  4 12  4 14  5 13  6 14  7 14  8 14  11 13
0 9  0 13  1 10  1 14  2 11  2 12  3 11  4 12  5 13  6 14  7 14  8 14  9 14  11 13
0 9  0 13  0 14  1 10  1 14  2 11  2 12  3 11  3 13  4 12  5 13  6 13  7 14  8 14
0 9  0 13  1 10  1 14  2 11  2 12  3 11  3 14  4 12  5 13  5 14  6 13  7 13  8 14
0 9  0 13  1 10  1 14  2 11  2 12  3 11  3 14  4 12  5 13  6 13  7 13  8 14  9 14
0 9  0 14  1 10  1 14  2 11  2 12  3 11  3 13  4 12  4 14  5 13  6 13  7 13  8 14
0 9  0 14  1 10  1 14  2 11  2 12  3 11  3 13  4 12  5 13  5 14  6 13  7 13  8 14
0 9  0 13  1 10  1 14  2 11  2 12  3 11  4 12  4 14  5 13  6 13  7 14  8 14  11 13
0 9  0 13  1 10  1 14  2 11  2 12  3 11  4 12  5 13  6 13  7 14  8 14  9 14  11 13
0 9  0 13  1 10  1 13  2 11  2 13  3 11  3 14  4 12  4 14  5 12  6 14  7 14  8 14
0 9  0 13  1 10  1 13  2 11  2 13  3 11  4 12  4 14  5 12  6 14  7 14  8 14  9 14
0 9  0 13  1 10  1 14  2 11  2 13  3 11  3 14  4 12  4 13  5 12  6 14  7 14  8 14
0 9  0 13  1 10  1 14  2 11  2 13  3 11  3 14  4 12  4 14  5 12  6 13  7 14  8 14
0 9  0 13  1 10  1 14  2 11  2 13  3 11  4 12  4 14  5 12  6 13  7 14  8 14  9 14
0 9  0 14  1 10  1 14  2 11  2 13  3 11  3 14  4 12  4 13  5 12  6 13  7 14  8 14
0 9  0 13  1 10  1 14  2 11  2 13  3 11  3 14  4 12  4 14  5 12  6 13  7 13  8 14
0 9  0 13  1 10  1 14  2 11  2 13  3 11  4 12  4 14  5 12  6 13  7 13  8 14  9 14
0 9  0 14  1 10  1 14  2 11  2 13  3 11  3 14  4 12  4 13  5 12  6 13  7 13  8 14
0 9  0 12  0 13  1 10  1 13  2 11  2 12  3 11  3 14  4 12  5 13  6 14  7 14  8 14
0 9  0 12  0 13  1 10  1 13  2 11  2 12  3 11  4 12  5 13  6 14  7 14  8 14  10 14
0 9  0 12  0 14  1 10  1 13  2 11  2 12  3 11  3 13  4 12  5 13  6 14  7 14  8 14
0 9  0 12  1 10  1 13  2 11  2 12  3 11  3 13  4 12  4 14  5 13  6 14  7 14  8 14
0 9  0 12  1 10  1 13  1 14  2 11  2 12  3 11  4 12  5 13  6 14  7 14  8 14  9 13
0 9  0 12  1 10  1 13  2 11  2 12  3 11  4 12  5 13  5 14  6 14  7 14  8 14  9 13
0 9  0 12  1 10  1 13  2 11  2 12  3 11  4 12  5 13  6 14  7 14  8 14  9 13  11 14
0 9  0 12  1 10  1 13  2 11  2 13  3 11  3 14  4 12  4 13  5 12  6 14  7 14  8 14
0 9  0 12  1 10  1 13  2 11  2 13  3 11  4 12  4 13  5 12  6 14  7 14  8 14  9 14
0 9  0 12  0 13  1 10  1 13  2 11  2 14  3 11  4 12  4 14  5 12  6 13  7 14  8 14
0 9  0 12  0 13  1 10  1 13  2 11  2 14  3 11  4 12  5 12  6 13  7 14  8 14  10 14
0 9  0 12  0 13  1 10  1 14  2 11  2 13  3 11  3 14  4 12  5 12  6 13  7 14  8 14
0 9  0 12  0 13  1 10  1 14  2 11  2 13  3 11  4 12  4 14  5 12  6 13  7 14  8 14
0 9  0 12  0 14  1 10  1 13  2 11  2 13  3 11  3 14  4 12  5 12  6 13  7 14  8 14
0 9  0 12  1 10  1 13  1 14  2 11  2 13  3 11  4 12  4 14  5 12  6 13  7 14  8 14
0 9  0 12  1 10  1 13  2 11  2 13  3 11  4 12  4 14  5 12  6 13  6 14  7 14  8 14
0 9  0 12  1 10  1 13  1 14  2 11  2 13  3 11  4 12  5 12  6 13  7 14  8 14  9 14
0 9  0 12  1 10  1 13  2 11  2 13  3 11  4 12  5 12  6 13  6 14  7 14  8 14  9 14
0 9  0 12  0 14  1 10  1 13  2 11  2 13  3 11  4 12  5 12  6 13  7 14  8 14  10 14
0 9  0 12  1 10  1 13  2 11  2 13  3 11  4 12  4 14  5 12  6 13  7 14  8 14  11 14
0 9  0 12  1 10  1 13  2 11  2 13  3 11  4 12  5 12  6 13  7 14  8 14  9 14  11 14
0 9  0 12  0 14  1 10  1 13  2 11  2 14  3 11  4 12  4 13  5 12  6 13  7 14  8 14
0 9  0 12  1 10  1 13  2 11  2 14  3 11  4 12  4 13  5 12  5 14  6 13  7 14  8 14
0 9  0 12  1 10  1 13  2 11  3 11  4 12  4 13  5 12  6 13  7 14  8 14  9 14  11 14
0 9  0 12  1 10  1 13  2 11  2 13  3 11  3 14  4 12  5 12  6 14  7 14  8 14  9 13
0 9  0 12  1 10  1 13  2 11  2 13  3 11  4 12  4 14  5 12  6 14  7 14  8 14  9 13
0 9  0 12  1 10  1 13  1 14  2 11  2 14  3 11  4 12  5 12  6 13  7 14  8 14  9 13
0 9  0 12  1 10  1 13  2 11  2 14  3 11  4 12  5 12  6 13  6 14  7 14  8 14  9 13
0 9  0 12  1 10  1 13  2 11  3 11  4 12  4 14  5 12  6 13  7 14  8 14  9 13  11 14
0 9  0 12  1 10  1 13  2 11  3 11  4 12  5 12  6 13  7 14  8 14  9 13  10 14  11 14
0 9  0 12  1 10  1 14  2 11  2 13  3 11  4 12  5 12  6 13  7 14  8 14  9 13  11 14
0 9  0 12  1 10  1 14  2 11  2 13  3 11  4 12  5 12  6 13  7 14  8 14  9 13  12 14
0 9  0 12  1 10  1 14  2 11  2 14  3 11  4 12  4 14  5 12  6 13  7 13  8 14  9 13
0 9  0 13  1 10  1 13  2 11  2 12  3 11  3 13  4 12  4 14  5 12  6 14  7 14  8 14
0 9  0 13  1 10  1 13  2 11  2 12  3 11  3 13  4 12  5 12  6 14  7 14  8 14  9 14
0 9  0 13  1 10  1 13  2 11  2 12  3 11  3 14  4 12  4 13  5 12  6 14  7 14  8 14
0 9  0 13  1 10  1 13  2 11  2 12  3 11  4 12  4 13  5 12  6 14  7 14  8 14  9 14
0 9  0 13  0 14  1 10  1 13  2 11  2 12  3 11  3 14  4 12  5 12  6 13  7 14  8 14
0 9  0 13  0 14  1 10  1 13  2 11  2 12  3 11  4 12  4 14  5 12  6 13  7 14  8 14
0 9  0 13  1 10  1 13  2 11  2 12  3 11  3 14  4 12  5 12  6 13  6 14  7 14  8 14
0 9  0 13  1 10  1 13  2 11  2 12  3 11  4 12  4 14  5 12  6 13  6 14  7 14  8 14
0 9  0 13  1 10  1 13  2 11  2 12  3 11  4 12  5 12  6 13  7 14  8 14  9 14  11 14
0 9  0 13  1 10  1 13  2 11  2 12  3 11  4 12  5 12  6 13  7 14  8 14  9 14  12 14
0 9  0 13  0 14  1 10  1 14  2 11  2 12  3 11  3 13  4 12  5 12  6 13  7 14  8 14
0 9  0 13  1 10  1 14  2 11  2 12  3 11  3 13  4 12  5 12  6 13  6 14  7 14  8 14
0 9  0 13  1 10  1 14  2 11  2 12  3 11  3 13  4 12  5 12  6 13  7 14  8 14  12 14
0 9  0 13  0 14  1 10  1 14  2 11  2 12  3 11  4 12  4 13  5 12  6 13  7 14  8 14
0 9  0 13  1 10  1 14  2 11  2 12  3 11  4 12  4 13  5 12  6 13  6 14  7 14  8 14
0 9  0 13  1 10  1 14  2 11  2 12  3 11  4 12  4 13  5 12  6 13  7 14  8 14  11 14
0 9  0 13  1 10  1 14  2 11  2 12  3 11  3 14  4 12  5 12  6 13  6 14  7 13  8 14
0 9  0 13  1 10  1 14  2 11  2 12  3 11  4 12  4 14  5 12  6 13  6 14  7 13  8 14
0 9  0 13  1 10  1 14  2 11  2 12  3 11  3 14  4 12  5 12  6 13  7 13  8 14  9 14
0 9  0 13  1 10  1 14  2 11  2 12  3 11  4 12  4 14  5 12  6 13  7 13  8 14  9 14
0 9  0 14  1 10  1 14  2 11  2 12  3 11  3 13  4 12  4 14  5 12  6 13  7 13  8 14
0 9  0 13  1 10  1 13  2 11  2 13  3 11  3 14  4 12  4 14  5 12  6 12  7 14  8 14
0 9  0 13  1 10  1 13  2 11  2 13  3 11  4 12  4 14  5 12  6 12  7 14  8 14  9 14
0 9  0 13  1 10  1 13  2 11  2 14  3 11  4 12  4 13  5 12  5 14  6 12  7 14  8 14
0 9  0 13  1 10  1 13  2 11  2 14  3 11  4 12  4 13  5 12  6 12  7 14  8 14  9 14
0 9  0 13  1 10  1 14  2 11  2 13  3 11  3 14  4 12  4 13  5 12  6 12  7 14  8 14
0 9  0 13  1 10  1 14  2 11  2 13  3 11  4 12  4 13  5 12  5 14  6 12  7 14  8 14
0 9  0 13  1 10  1 14  2 11  2 13  3 11  3 14  4 12  4 14  5 12  6 12  7 13  8 14
0 9  0 13  1 10  1 14  2 11  2 13  3 11  4 12  4 14  5 12  6 12  7 13  8 14  9 14
0 9  0 13  1 10  1 14  2 11  2 14  3 11  4 12  4 13  5 12  5 14  6 12  7 13  8 14
0 9  0 13  1 10  1 14  2 11  2 14  3 11  4 12  4 13  5 12  6 12  7 13  8 14  9 14
0 9  0 14  1 10  1 14  2 11  2 13  3 11  3 14  4 12  4 13  5 12  6 12  7 13  8 14
0 9  0 14  1 10  1 14  2 11  2 13  3 11  4 12  4 13  5 12  5 14  6 12  7 13  8 14
0 9  0 12  1 10  1 13  2 11  2 13  3 11  4 12  5 13  6 14  7 14  8 14  9 14  11 12
0 9  0 12  1 10  1 13  2 11  2 13  3 11  4 12  5 13  6 14  7 14  8 14  10 14  11 12
0 9  0 12  1 10  1 13  2 11  2 14  3 11  4 12  5 13  5 14  6 13  7 14  8 14  11 12
0 9  0 12  1 10  1 13  2 11  3 11  4 12  5 13  5 14  6 13  7 14  8 14  9 14  11 12
0 9  0 12  1 10  1 13  2 11  2 14  3 11  4 12  5 13  6 13  7 14  8 14  10 14  11 12
0 9  0 12  1 10  1 13  2 11  3 11  4 12  5 13  6 13  7 14  8 14  9 14  10 14  11 12
0 9  0 12  1 10  1 14  2 11  2 13  3 11  4 12  5 13  5 14  6 13  7 14  8 14  11 12
0 9  0 12  1 10  1 14  2 11  2 13  3 11  4 12  5 13  6 13  7 14  8 14  9 14  11 12
0 9  0 12  1 10  1 13  2 11  2 14  3 11  4 12  5 13  6 14  7 14  8 14  9 13  11 12
0 9  0 12  1 10  1 13  2 11  3 11  4 12  5 13  6 14  7 14  8 14  9 13  10 14  11 12
0 9  0 12  1 10  1 14  2 11  2 14  3 11  4 12  5 13  6 13  7 14  8 14  9 13  11 12
0 9  0 12  1 10  1 14  2 11  3 11  4 12  5 13  5 14  6 13  7 14  8 14  9 13  11 12
0 9  0 13  1 10  1 13  2 11  2 14  3 11  4 12  5 12  6 13  7 14  8 14  9 14  11 12
0 9  0 13  1 10  1 14  2 11  2 13  3 11  4 12  4 14  5 12  6 13  7 14  8 14  11 12
0 9  0 13  1 10  1 14  2 11  2 13  3 11  4 12  5 12  6 13  7 14  8 14  9 14  11 12
0 9  0 12  1 10  1 13  2 11  2 12  3 11  4 11  5 12  5 13  6 13  7 14  8 14  10 14
0 9  0 13  1 10  1 14  2 11  2 12  3 11  3 14  4 11  5 12  6 12  7 13  7 14  8 13
0 9  0 13  1 10  1 14  2 11  2 12  3 11  3 14  4 11  5 12  6 12  7 13  8 13  9 14
0 9  0 13  1 10  1 14  2 11  2 13  3 11  3 14  4 11  5 12  5 14  6 12  7 12  8 13
0 9  0 13  1 10  1 14  2 11  2 13  3 11  4 11  5 12  5 14  6 12  7 12  8 13  9 14
0 9  0 14  1 10  1 14  2 11  2 13  3 11  3 14  4 11  5 12  5 13  6 12  7 12  8 13
0 9  0 10  1 10  1 11  1 14  2 11  2 12  3 12  3 13  4 13  5 14  6 14  7 14  8 14
0 9  0 10  1 10  1 11  2 11  2 12  2 14  3 12  3 13  4 13  5 14  6 14  7 14  8 14
0 9  0 10  1 10  1 11  2 11  2 12  3 12  3 13  3 14  4 13  5 14  6 14  7 14  8 14
0 9  0 10  1 10  1 11  2 11  2 12  2 14  3 12  4 13  4 14  5 13  6 14  7 14  8 14
0 9  0 10  0 14  1 10  1 11  2 11  2 12  3 12  4 13  5 13  6 14  7 14  8 14  13 14
0 9  0 10  1 10  1 11  1 14  2 11  2 12  3 12  3 13  4 13  5 13  6 14  7 14  8 14
0 9  0 10  1 10  1 11  2 11  2 12  2 14  3 12  3 13  4 13  5 13  6 14  7 14  8 14
0 9  0 10  1 10  1 11  2 11  2 12  3 12  3 13  3 14  4 13  5 13  6 14  7 14  8 14
0 9  0 10  1 10  1 11  2 11  2 12  3 12  3 13  4 13  5 13  6 14  7 14  8 14  10 14
0 9  0 10  1 10  1 11  2 11  2 12  3 12  3 13  4 13  5 13  6 14  7 14  8 14  11 14
0 9  0 10  1 10  1 11  2 11  2 12  3 12  3 13  4 13  5 13  6 14  7 14  8 14  12 14
0 9  0 10  1 10  1 11  2 11  2 12  2 14  3 12  4 13  4 14  5 13  6 13  7 14  8 14
0 9  0 10  0 14  1 10  1 11  2 11  2 12  3 12  4 13  5 13  6 13  7 14  8 14  13 14
0 9  0 10  1 10  1 11  2 11  2 14  3 12  3 14  4 12  5 13  5 14  6 13  7 14  8 14
0 9  0 10  1 10  1 11  2 11  2 14  3 12  4 12  5 13  5 14  6 13  7 14  8 14  12 14
0 9  0 10  1 10  1 11  1 14  2 11  2 13  3 12  3 13  4 12  5 13  6 14  7 14  8 14
0 9  0 10  1 10  1 11  2 11  2 13  2 14  3 12  3 13  4 12  5 13  6 14  7 14  8 14
0 9  0 10  1 10  1 11  2 11  2 13  3 12  3 13  3 14  4 12  5 13  6 14  7 14  8 14
0 9  0 10  1 10  1 11  2 11  2 13  3 12  3 13  4 12  5 13  5 14  6 14  7 14  8 14
0 9  0 10  1 10  1 11  2 11  2 13  3 12  3 13  4 12  5 13  6 14  7 14  8 14  10 14
0 9  0 10  1 10  1 11  2 11  2 13  3 12  3 13  4 12  5 13  6 14  7 14  8 14  11 14
0 9  0 10  1 10  1 11  2 11  2 13  2 14  3 12  3 14  4 12  5 13  6 13  7 14  8 14
0 9  0 10  1 10  1 11  2 11  2 13  3 12  3 14  4 12  5 13  6 13  7 14  8 14  10 14
0 9  0 10  0 14  1 10  1 11  2 11  2 13  3 12  4 12  5 13  6 13  7 14  8 14  12 14
0 9  0 10  1 10  1 11  2 11  2 14  3 12  3 13  3 14  4 12  5 13  6 13  7 14  8 14
0 9  0 10  1 10  1 11  1 14  2 11  3 12  3 13  4 12  4 14  5 13  6 13  7 14  8 14
0 9  0 10  1 10  1 11  1 14  2 11  3 12  3 13  4 12  5 13  5 14  6 13  7 14  8 14
0 9  0 10  0 14  1 10  1 11  2 11  3 12  3 13  4 12  5 13  6 13  7 14  8 14  12 14
0 9  0 10  1 10  1 11  2 11  2 14  3 12  3 14  4 12  5 13  5 14  6 13  7 13  8 14
0 9  0 10  1 10  1 11  2 11  2 14  3 12  4 12  5 13  5 14  6 13  7 13  8 14  12 14
0 9  0 10  1 10  1 11  2 11  2 14  3 12  3 14  4 12  5 13  6 13  7 13  8 14  13 14
0 9  0 10  0 14  1 10  1 11  2 11  2 13  3 12  4 12  5 13  6 14  7 14  8 14  12 13
0 9  0 10  1 10  1 11  2 11  2 13  3 12  4 12  5 13  5 14  6 14  7 14  8 14  12 13
0 9  0 10  0 14  1 10  1 11  2 11  3 12  3 14  4 12  5 13  6 13  7 14  8 14  12 13
0 9  0 10  1 10  1 11  2 11  2 14  3 12  4 12  5 13  6 13  7 14  8 14  12 13  12 14
0 9  0 10  1 10  1 11  2 11  2 14  3 12  3 14  4 12  5 12  6 13  6 14  7 13  8 13
0 9  0 10  1 10  1 13  2 11  2 13  3 11  3 14  4 12  4 13  5 12  6 14  7 14  8 14
0 9  0 10  1 10  1 13  2 11  2 13  3 11  4 12  4 13  5 12  6 14  7 14  8 14  9 14
0 9  0 10  1 10  1 13  2 11  2 13  2 14  3 11  4 12  4 14  5 12  6 13  7 14  8 14
0 9  0 10  1 10  1 13  2 11  2 13  3 11  4 12  4 14  5 12  6 13  6 14  7 14  8 14
0 9  0 10  1 10  1 13  2 11  2 13  3 11  4 12  4 14  5 12  6 13  7 14  8 14  10 14
0 9  0 10  0 14  1 10  1 13  2 11  2 13  3 11  4 12  5 12  6 13  7 14  8 14  12 14
0 9  0 10  1 10  1 13  2 11  2 13  3 11  4 12  5 12  6 13  7 14  8 14  11 14  12 14
0 9  0 10  1 10  1 14  2 11  2 13  2 14  3 11  4 12  4 13  5 12  6 13  7 14  8 14
0 9  0 10  1 10  1 14  2 11  2 13  3 11  4 12  4 13  5 12  6 13  6 14  7 14  8 14
0 9  0 10  0 14  1 10  2 11  2 13  3 11  4 12  4 13  5 12  6 13  7 14  8 14  11 14
0 9  0 10  1 10  1 13  2 11  2 14  3 11  4 12  4 14  5 12  6 13  6 14  7 13  8 14
0 9  0 10  1 10  1 13  2 11  2 14  3 11  4 12  4 14  5 12  6 13  7 13  8 14  9 14
0 9  0 10  1 10  1 13  2 11  3 11  4 12  4 14  5 12  6 13  6 14  7 13  8 14  11 14
0 9  0 10  1 10  1 13  2 11  3 11  4 12  4 14  5 12  6 13  7 13  8 14  9 14  11 14
0 9  0 10  1 10  1 14  2 11  2 13  3 11  3 14  4 12  4 14  5 12  6 13  7 13  8 14
0 9  0 10  1 10  1 14  2 11  2 13  3 11  4 12  4 14  5 12  6 13  6 14  7 13  8 14
0 9  0 10  1 10  1 14  2 11  2 13  3 11  3 14  4 12  5 12  6 13  7 13  8 14  12 14
0 9  0 10  1 10  1 14  2 11  2 13  3 11  4 12  5 12  6 13  6 14  7 13  8 14  12 14
0 9  0 10  1 10  1 13  2 11  3 11  4 12  4 13  5 12  5 14  6 14  7 14  8 14  11 13
0 9  0 10  1 10  1 13  2 11  3 11  4 12  4 13  5 12  6 14  7 14  8 14  9 14  11 13
0 9  0 10  0 14  1 10  1 13  2 11  3 11  4 12  4 14  5 12  6 13  7 14  8 14  11 13
0 9  0 10  1 10  1 13  2 11  3 11  4 12  4 14  5 12  6 13  6 14  7 14  8 14  11 13
0 9  0 10  1 10  1 13  2 11  3 11  4 12  4 14  5 12  6 13  7 14  8 14  11 13  11 14
0 9  0 10  1 10  1 13  2 11  2 14  3 11  4 12  5 12  6 13  7 14  8 14  11 13  12 14
0 9  0 10  1 10  1 13  2 11  3 11  4 12  5 12  6 13  7 14  8 14  9 14  11 13  12 14
0 9  0 10  0 14  1 10  2 11  2 14  3 11  4 12  4 13  5 12  6 13  7 14  8 14  11 13
0 9  0 10  0 14  1 10  2 11  3 11  4 12  4 13  5 12  5 14  6 13  7 14  8 14  11 13
0 9  0 10  1 10  1 14  2 11  3 11  4 12  4 13  5 12  6 13  6 14  7 14  8 14  11 13
0 9  0 10  1 10  1 14  2 11  3 11  4 12  4 13  5 12  6 13  7 14  8 14  11 13  11 14
0 9  0 10  1 10  1 14  2 11  3 11  4 12  4 13  5 12  6 13  7 14  8 14  11 13  12 14
0 9  0 10  1 10  1 13  2 11  2 12  3 11  3 13  4 12  5 12  6 13  7 14  8 14  11 14
0 9  0 10  0 14  1 10  1 13  2 11  2 12  3 11  4 12  5 12  6 13  7 13  8 14  11 14
0 9  0 10  0 14  1 10  1 13  2 11  3 11  4 12  4 13  5 12  6 12  7 13  8 14  11 14
0 9  0 10  1 10  1 14  2 11  2 13  3 11  4 12  4 13  5 12  6 12  7 13  7 14  8 14
0 9  0 10  0 14  1 10  2 11  2 13  3 11  4 12  4 13  5 12  6 12  7 13  8 14  11 14
0 9  0 10  1 10  1 13  2 11  2 14  3 11  4 12  4 14  5 12  6 12  7 13  8 13  9 14
0 9  0 10  1 10  1 13  2 11  3 11  4 12  4 14  5 12  6 12  7 13  8 13  9 14  11 14
0 9  0 10  1 10  1 14  2 11  2 13  3 11  3 14  4 12  4 14  5 12  6 12  7 13  8 13
0 9  0 10  1 10  1 14  2 11  2 13  3 11  4 12  4 14  5 12  6 12  7 13  7 14  8 13
0 9  0 10  1 10  1 14  2 11  2 14  3 11  4 12  4 13  5 12  5 14  6 12  7 13  8 13
0 9  0 10  1 10  1 14  2 11  3 11  4 12  4 13  5 12  5 14  6 12  7 13  8 13  11 14
0 9  0 12  1 10  1 11  1 14  2 10  2 13  3 11  4 12  4 14  5 13  6 14  7 14  8 14
0 9  0 12  0 14  1 10  1 11  2 10  2 13  3 11  4 12  5 13  6 14  7 14  8 14  11 14
0 9  0 12  1 10  1 11  2 10  2 14  3 11  4 12  4 13  4 14  5 13  6 14  7 14  8 14
0 9  0 12  1 10  1 11  1 14  2 10  3 11  4 12  4 13  5 13  5 14  6 14  7 14  8 14
0 9  0 12  0 14  1 10  1 11  2 10  3 11  4 12  4 13  5 13  6 14  7 14  8 14  10 14
0 9  0 12  1 10  1 11  2 10  2 14  3 11  4 12  4 14  5 13  5 14  6 13  7 14  8 14
0 9  0 12  1 10  1 11  2 10  2 14  3 11  4 12  4 14  5 13  6 13  7 14  8 14  13 14
0 9  0 12  1 10  1 11  1 14  2 10  2 13  3 11  4 12  4 13  5 13  6 14  7 14  8 14
0 9  0 12  1 10  1 11  2 10  2 13  2 14  3 11  4 12  4 13  5 13  6 14  7 14  8 14
0 9  0 12  1 10  1 11  2 10  2 13  3 11  4 12  4 13  4 14  5 13  6 14  7 14  8 14
0 9  0 12  1 10  1 11  2 10  2 13  3 11  4 12  4 13  5 13  5 14  6 14  7 14  8 14
0 9  0 12  1 10  1 11  2 10  2 13  3 11  4 12  4 13  5 13  6 14  7 14  8 14  10 14
0 9  0 12  1 10  1 11  2 10  2 13  3 11  4 12  4 13  5 13  6 14  7 14  8 14  12 14
0 9  0 12  1 10  1 11  1 14  2 10  2 13  3 11  4 12  4 14  5 13  6 13  7 14  8 14
0 9  0 12  1 10  1 11  2 10  2 13  2 14  3 11  4 12  4 14  5 13  6 13  7 14  8 14
0 9  0 12  0 14  1 10  1 11  2 10  2 13  3 11  4 12  5 13  6 13  7 14  8 14  11 14
0 9  0 12  1 10  1 11  2 10  2 14  3 11  4 12  4 13  4 14  5 13  6 13  7 14  8 14
0 9  0 12  1 10  1 11  1 14  2 10  3 11  4 12  4 13  5 13  5 14  6 13  7 14  8 14
0 9  0 12  1 10  1 11  1 14  2 10  3 11  4 12  4 13  5 13  6 13  7 14  8 14  9 14
0 9  0 12  0 14  1 10  1 11  2 10  3 11  4 12  4 13  5 13  6 13  7 14  8 14  10 14
0 9  0 12  1 10  1 11  2 10  2 14  3 11  4 12  4 13  5 13  6 13  7 14  8 14  12 14
0 9  0 12  1 10  1 11  2 10  2 14  3 11  4 12  4 14  5 13  5 14  6 13  7 13  8 14
0 9  0 12  1 10  1 11  2 10  2 14  3 11  4 12  4 14  5 13  6 13  7 13  8 14  13 14
0 9  0 12  0 14  1 10  1 11  2 10  3 11  4 12  4 13  5 13  6 14  7 14  8 14  10 13
0 9  0 12  1 10  1 11  2 10  3 11  4 12  4 13  5 13  6 14  7 14  8 14  10 13  11 14
0 9  0 14  1 10  1 11  2 10  2 12  2 14  3 11  3 13  4 12  5 13  6 14  7 14  8 14
0 9  0 14  1 10  1 11  2 10  2 12  3 11  4 12  5 13  5 14  6 13  7 14  8 14  11 14
0 9  0 14  1 10  1 11  2 10  2 12  3 11  3 14  4 12  5 13  6 13  7 14  8 14  13 14
0 9  0 13  1 10  1 11  1 14  2 10  2 12  3 11  3 13  4 12  5 13  6 14  7 14  8 14
0 9  0 13  1 10  1 11  2 10  2 12  2 14  3 11  3 13  4 12  5 13  6 14  7 14  8 14
0 9  0 13  1 10  1 11  2 10  2 12  3 11  3 13  3 14  4 12  5 13  6 14  7 14  8 14
0 9  0 13  1 10  1 11  2 10  2 12  3 11  3 13  4 12  5 13  6 14  7 14  8 14  10 14
0 9  0 13  1 10  1 11  2 10  2 12  3 11  3 13  4 12  5 13  6 14  7 14  8 14  11 14
0 9  0 13  1 10  1 11  1 14  2 10  2 12  3 11  4 12  5 13  5 14  6 13  7 14  8 14
0 9  0 13  1 10  1 11  1 14  2 10  2 12  3 11  4 12  5 13  6 13  7 14  8 14  9 14
0 9  0 13  0 14  1 10  1 11  2 10  2 12  3 11  4 12  5 13  6 13  7 14  8 14  11 14
0 9  0 14  1 10  1 11  2 10  2 12  2 14  3 11  3 13  4 12  5 13  6 13  7 14  8 14
0 9  0 14  1 10  1 11  2 10  2 12  3 11  3 13  3 14  4 12  5 13  6 13  7 14  8 14
0 9  0 14  1 10  1 11  2 10  2 12  3 11  4 12  5 13  5 14  6 13  7 13  8 14  11 14
0 9  0 14  1 10  1 11  2 10  2 12  3 11  3 14  4 12  5 13  6 13  7 13  8 14  13 14
0 9  0 13  0 14  1 10  1 11  2 10  2 12  3 11  4 12  5 13  6 14  7 14  8 14  11 13
0 9  0 13  1 10  1 11  2 10  2 12  3 11  4 12  5 13  5 14  6 14  7 14  8 14  11 13
0 9  0 13  1 10  1 11  2 10  2 12  3 11  4 12  5 13  6 14  7 14  8 14  11 13  12 14
0 9  0 14  1 10  1 11  2 10  3 11  4 12  4 13  5 12  5 14  6 13  7 14  8 14  10 14
0 9  0 13  1 10  1 11  2 10  2 13  3 11  4 12  4 13  5 12  6 14  7 14  8 14  9 14
0 9  0 13  1 10  1 11  2 10  2 13  3 11  4 12  4 13  5 12  6 14  7 14  8 14  11 14
0 9  0 13  1 10  1 11  2 10  2 13  3 11  4 12  4 13  5 12  6 14  7 14  8 14  12 14
0 9  0 13  1 10  1 11  1 14  2 10  2 13  3 11  4 12  4 14  5 12  6 13  7 14  8 14
0 9  0 13  0 14  1 10  1 11  2 10  2 13  3 11  4 12  5 12  6 13  7 14  8 14  12 14
0 9  0 13  1 10  1 11  2 10  2 13  3 11  4 12  5 12  6 13  6 14  7 14  8 14  12 14
0 9  0 13  1 10  1 11  2 10  2 13  3 11  4 12  5 12  6 13  7 14  8 14  11 14  12 14
0 9  0 13  1 10  1 11  2 10  2 14  3 11  4 12  4 13  4 14  5 12  6 13  7 14  8 14
0 9  0 13  1 10  1 11  1 14  2 10  3 11  4 12  4 13  5 12  5 14  6 13  7 14  8 14
0 9  0 13  1 10  1 11  1 14  2 10  3 11  4 12  4 13  5 12  6 13  7 14  8 14  9 14
0 9  0 13  0 14  1 10  1 11  2 10  3 11  4 12  4 13  5 12  6 13  7 14  8 14  10 14
0 9  0 13  1 10  1 11  2 10  3 11  4 12  4 13  5 12  6 13  6 14  7 14  8 14  10 14
0 9  0 13  1 10  1 11  2 10  3 11  4 12  4 13  5 12  6 13  7 14  8 14  10 14  12 14
0 9  0 14  1 10  1 11  1 14  2 10  2 13  3 11  4 12  4 13  5 12  6 13  7 14  8 14
0 9  0 14  1 10  1 11  2 10  2 13  3 11  4 12  4 13  4 14  5 12  6 13  7 14  8 14
0 9  0 14  1 10  1 11  2 10  2 13  3 11  4 12  4 13  5 12  6 13  6 14  7 14  8 14
0 9  0 13  1 10  1 11  2 10  2 14  3 11  4 12  4 14  5 12  6 13  6 14  7 13  8 14
0 9  0 13  1 10  1 11  2 10  2 14  3 11  4 12  4 14  5 12  6 13  7 13  8 14  9 14
0 9  0 13  1 10  1 11  2 10  2 14  3 11  4 12  5 12  6 13  6 14  7 13  8 14  12 14
0 9  0 13  1 10  1 11  2 10  2 14  3 11  4 12  5 12  6 13  7 13  8 14  9 14  12 14
0 9  0 14  1 10  1 11  2 10  2 13  3 11  4 12  4 14  5 12  6 13  7 13  8 14  11 14
0 9  0 14  1 10  1 11  2 10  2 13  3 11  3 14  4 12  5 12  6 13  7 13  8 14  12 14
0 9  0 14  1 10  1 11  2 10  2 13  3 11  4 12  5 12  6 13  6 14  7 13  8 14  12 14
0 9  0 14  1 10  1 11  2 10  2 13  3 11  4 12  4 14  5 12  6 13  7 13  8 14  13 14
0 9  0 14  1 10  1 11  2 10  3 11  4 12  4 13  5 12  5 14  6 13  7 13  8 14  10 14
0 9  0 14  1 10  1 11  2 10  3 11  4 12  4 13  5 12  6 13  6 14  7 13  8 14  10 14
0 9  0 14  1 10  1 11  2 10  2 14  3 11  4 12  4 13  5 12  6 13  7 13  8 14  12 14
0 9  0 14  1 10  1 11  2 10  2 14  3 11  4 12  4 13  5 12  6 13  7 13  8 14  13 14
0 9  0 13  1 10  1 11  2 10  3 11  3 14  4 12  4 13  5 12  6 14  7 14  8 14  10 13
0 9  0 13  1 10  1 11  2 10  3 11  4 12  4 13  5 12  5 14  6 14  7 14  8 14  10 13
0 9  0 13  0 14  1 10  1 11  2 10  3 11  4 12  4 14  5 12  6 13  7 14  8 14  10 13
0 9  0 13  1 10  1 11  2 10  3 11  4 12  4 14  5 12  6 13  6 14  7 14  8 14  10 13
0 9  0 13  1 10  1 11  2 10  3 11  4 12  4 14  5 12  6 13  7 14  8 14  10 13  11 14
0 9  0 13  1 10  1 11  2 10  3 11  3 14  4 12  5 12  6 13  7 14  8 14  10 13  12 14
0 9  0 13  1 10  1 11  2 10  3 11  4 12  5 12  6 13  7 14  8 14  9 14  10 13  12 14
0 9  0 14  1 10  1 11  2 10  3 11  4 12  4 13  5 12  6 13  7 14  8 14  10 13  11 14
0 9  0 13  1 10  1 11  2 10  2 13  3 11  3 14  4 12  5 12  6 14  7 14  8 14  12 13
0 9  0 13  1 10  1 11  2 10  2 13  3 11  4 12  4 14  5 12  6 14  7 14  8 14  12 13
0 9  0 13  1 10  1 11  2 10  2 13  3 11  4 12  5 12  6 14  7 14  8 14  9 14  12 13
0 9  0 13  0 14  1 10  1 11  2 10  2 14  3 11  4 12  5 12  6 13  7 14  8 14  12 13
0 9  0 13  1 10  1 11  2 10  2 14  3 11  4 12  5 12  6 13  6 14  7 14  8 14  12 13
0 9  0 13  1 10  1 11  2 10  3 11  4 12  4 14  5 12  6 13  7 14  8 14  10 14  12 13
0 9  0 13  1 10  1 11  2 10  3 11  4 12  5 12  6 13  7 14  8 14  9 14  10 14  12 13
0 9  0 13  1 10  1 11  2 10  2 14  3 11  4 12  5 12  6 13  7 14  8 14  12 13  12 14
0 9  0 14  1 10  1 11  2 10  2 13  3 11  4 12  5 12  6 13  6 14  7 14  8 14  12 13
0 9  0 14  1 10  1 11  2 10  2 13  3 11  4 12  5 12  6 13  7 14  8 14  11 14  12 13
0 9  0 14  1 10  1 11  2 10  2 13  3 11  4 12  5 12  6 13  7 14  8 14  12 13  12 14
0 9  0 14  1 10  1 11  2 10  2 14  3 11  4 12  4 14  5 12  6 13  7 13  8 14  12 13
0 9  0 13  0 14  1 10  1 11  2 10  2 12  3 11  4 12  5 12  6 13  7 13  8 14  11 14
0 9  0 13  0 14  1 10  1 11  2 10  3 11  4 12  4 13  5 12  6 12  7 13  8 14  10 14
0 9  0 14  1 10  1 11  2 10  2 13  3 11  4 12  4 13  5 12  6 12  7 13  7 14  8 14
0 9  0 13  1 10  1 11  2 10  2 14  3 11  4 12  4 14  5 12  6 12  7 13  8 13  9 14
0 9  0 14  1 10  1 11  2 10  2 13  3 11  4 12  4 14  5 12  6 12  7 13  8 13  11 14
0 9  0 14  1 10  1 11  2 10  3 11  4 12  4 13  5 12  5 14  6 12  7 13  8 13  10 14
0 9  0 13  1 10  1 13  2 10  3 11  3 13  4 11  5 12  5 14  6 12  7 14  8 14  9 14
0 9  0 13  1 10  1 13  2 10  3 11  3 13  4 11  5 12  5 14  6 12  7 14  8 14  10 14
0 9  0 13  1 10  1 13  2 10  2 14  3 11  3 13  4 11  5 12  6 12  7 14  8 14  12 14
0 9  0 14  1 10  1 13  2 10  2 14  3 11  3 13  4 11  5 12  5 13  6 12  7 14  8 14
0 9  0 13  1 10  1 13  2 10  2 14  3 11  3 14  4 11  5 12  5 14  6 12  7 13  8 14
0 9  0 13  1 10  1 13  2 10  3 11  3 14  4 11  5 12  5 14  6 12  7 13  8 14  9 14
0 9  0 13  1 10  1 13  2 10  2 14  3 11  4 11  5 12  5 14  6 12  7 13  8 14  11 14
0 9  0 13  1 10  1 13  2 10  3 11  4 11  5 12  5 14  6 12  7 13  8 14  9 14  11 14
0 9  0 14  1 10  1 13  2 10  3 11  3 13  4 11  5 12  5 14  6 12  7 13  8 14  10 14
0 9  0 14  1 10  1 13  2 10  2 14  3 11  3 13  4 11  5 12  6 12  7 13  8 14  12 14
0 9  0 13  1 10  1 14  2 10  3 11  3 13  4 11  5 12  5 14  6 12  7 14  8 14  10 13
0 9  0 13  1 10  2 10  3 11  3 13  4 11  4 14  5 12  5 14  6 12  7 14  8 14  10 13
0 9  0 13  1 10  2 10  3 11  3 13  4 11  5 12  5 14  6 12  7 14  8 14  9 14  10 13
0 9  0 14  1 10  2 10  3 11  3 13  4 11  4 14  5 12  5 13  6 12  7 14  8 14  10 13
0 9  0 14  1 10  1 14  2 10  3 11  3 13  4 11  5 12  5 14  6 12  7 13  8 14  10 13
0 9  0 14  1 10  2 10  3 11  3 13  4 11  4 14  5 12  5 14  6 12  7 13  8 14  10 13
0 9  0 13  1 10  1 12  2 10  2 13  3 11  3 12  4 11  5 12  6 13  7 14  8 14  10 14
0 9  0 12  0 14  1 10  1 13  2 10  3 11  3 13  4 11  5 12  6 12  7 13  8 14  10 14
0 9  0 12  1 10  1 13  2 10  3 11  4 11  5 12  6 12  7 13  8 14  9 13  10 14  11 14
0 9  0 12  1 10  1 14  2 10  3 11  3 14  4 11  5 12  5 14  6 12  7 13  8 13  9 13
0 9  0 12  1 10  2 10  3 11  3 14  4 11  5 12  5 14  6 12  7 13  8 13  9 13  10 14
0 9  0 13  1 10  1 12  2 10  2 13  3 11  3 13  4 11  5 12  6 12  7 14  8 14  11 14
0 9  0 13  1 10  1 12  2 10  3 11  3 13  4 11  5 12  5 13  6 12  7 14  8 14  10 14
0 9  0 13  1 10  1 12  2 10  3 11  3 13  4 11  5 12  5 13  6 12  7 14  8 14  11 14
0 9  0 13  1 10  1 12  2 10  3 11  3 13  4 11  5 12  6 12  7 13  7 14  8 14  10 14
0 9  0 13  1 10  1 12  2 10  3 11  3 13  4 11  5 12  6 12  7 13  8 14  10 14  11 14
0 9  0 13  1 10  1 12  2 10  3 11  4 11  5 12  5 13  6 12  7 13  8 14  10 14  11 14
0 9  0 14  1 10  1 12  2 10  3 11  3 13  4 11  5 12  5 13  6 12  6 14  7 13  8 14
0 9  0 13  1 10  1 12  2 10  2 14  3 11  3 14  4 11  5 12  6 12  7 13  7 14  8 13
0 9  0 13  1 10  1 12  2 10  2 14  3 11  3 14  4 11  5 12  6 12  7 13  8 13  9 14
0 9  0 13  1 10  1 12  2 10  3 11  3 14  4 11  5 12  5 14  6 12  7 13  8 13  9 14
0 9  0 13  1 10  1 12  2 10  2 14  3 11  4 11  5 12  6 12  7 13  7 14  8 13  11 14
0 9  0 13  1 10  1 12  2 10  2 14  3 11  4 11  5 12  6 12  7 13  8 13  9 14  11 14
0 9  0 13  1 10  1 12  2 10  3 11  4 11  5 12  5 14  6 12  7 13  8 13  9 14  11 14
0 9  0 14  1 10  1 12  2 10  2 13  3 11  4 11  5 12  5 14  6 12  7 13  8 13  11 14
0 9  0 14  1 10  1 12  2 10  3 11  3 13  4 11  4 14  5 12  6 12  7 13  8 13  10 14
0 9  0 14  1 10  1 12  2 10  3 11  3 13  4 11  5 12  6 12  7 13  7 14  8 13  10 14
0 9  0 13  1 10  1 13  2 10  3 11  3 14  4 11  5 12  5 13  6 12  7 12  8 14  10 14
0 9  0 13  1 10  1 13  2 10  2 14  3 11  4 11  5 12  5 13  6 12  7 12  8 14  11 14
0 9  0 14  1 10  1 13  2 10  2 14  3 11  3 13  4 11  5 12  5 13  6 12  7 12  8 14
0 9  0 13  1 10  1 13  2 10  3 11  3 14  4 11  5 12  5 14  6 12  7 12  8 13  9 14
0 9  0 13  1 10  1 13  2 10  2 14  3 11  4 11  5 12  5 14  6 12  7 12  8 13  11 14
0 9  0 13  1 10  1 13  2 10  3 11  4 11  5 12  5 14  6 12  7 12  8 13  9 14  11 14
0 9  0 14  1 10  1 13  2 10  3 11  3 13  4 11  5 12  5 14  6 12  7 12  8 13  10 14
0 9  0 13  1 10  1 14  2 10  3 11  3 14  4 11  5 12  5 13  6 12  6 14  7 12  8 13
0 9  0 13  1 10  1 14  2 10  3 11  3 14  4 11  5 12  5 13  6 12  7 12  8 13  9 14
0 9  0 13  1 10  2 10  3 11  3 14  4 11  5 12  5 13  6 12  6 14  7 12  8 13  10 14
0 9  0 13  1 10  2 10  3 11  3 14  4 11  5 12  5 13  6 12  7 12  8 13  9 14  10 14
0 9  0 14  1 10  1 13  2 10  3 11  3 14  4 11  5 12  5 13  6 12  7 12  8 13  10 14
0 9  0 14  1 10  1 13  2 10  2 14  3 11  4 11  5 12  5 13  6 12  7 12  8 13  11 14
0 9  0 14  1 10  1 13  2 10  3 11  4 11  5 12  5 13  6 12  6 14  7 12  8 13  11 14
0 9  0 12  1 10  1 13  2 10  3 11  4 11  5 12  6 13  7 13  8 14  9 14  10 12  11 14
0 9  0 13  1 10  1 13  2 10  3 11  3 12  4 11  5 12  6 13  7 14  8 14  10 12  11 14
0 9  0 13  1 10  2 10  3 11  3 12  4 11  5 12  6 13  7 13  8 14  9 14  10 12  11 14
0 9  0 14  1 10  1 13  2 10  3 11  3 12  4 11  5 12  6 13  7 13  8 14  10 12  11 14
0 9  0 13  1 10  1 13  2 10  3 11  4 11  5 12  6 12  7 13  8 14  9 14  10 12  11 14
0 9  0 14  1 10  1 13  2 10  3 11  3 13  4 11  5 12  6 12  7 13  8 14  10 12  11 14
0 9  0 10  1 9  1 11  2 10  2 12  3 11  4 12  5 13  5 14  6 13  7 14  8 14  9 14
0 9  0 10  1 9  1 11  1 14  2 10  2 12  3 11  4 12  5 13  6 13  7 14  8 14  13 14
0 9  0 10  1 9  1 11  2 10  3 11  4 12  4 14  5 12  6 13  6 14  7 13  8 14  10 14
0 9  0 10  1 9  1 11  2 10  3 11  4 12  5 12  6 13  6 14  7 13  8 14  10 14  12 14
0 9  0 10  1 9  1 11  2 10  2 14  3 11  4 12  5 12  6 13  7 13  8 14  12 14  13 14
0 9  0 10  1 9  1 11  1 14  2 10  2 13  3 11  4 12  5 12  6 13  7 13  8 14  12 14
0 9  0 10  0 14  1 9  1 11  2 10  3 11  4 12  4 13  5 12  6 13  7 13  8 14  12 14
0 9  0 10  1 9  1 11  2 10  3 11  4 12  5 12  6 13  6 14  7 13  8 13  10 14  12 14
0 9  0 10  1 9  1 13  2 10  3 11  3 12  4 11  4 14  5 12  6 13  7 14  8 14  9 14
0 9  0 10  1 9  1 13  2 10  3 11  3 12  3 14  4 11  5 12  6 13  7 14  8 14  10 14
0 9  0 10  0 14  1 9  1 13  2 10  3 11  3 12  4 11  5 12  6 13  7 14  8 14  11 14
0 9  0 10  1 9  2 10  3 11  3 12  4 11  4 14  5 12  6 13  6 14  7 13  8 14  9 14
0 9  0 10  1 9  2 10  3 11  3 12  4 11  4 14  5 12  6 13  7 13  8 14  9 14  13 14
0 9  0 10  1 9  1 13  2 10  3 11  3 12  4 11  4 14  5 12  6 13  7 13  8 14  9 14
0 9  0 10  1 9  1 13  2 10  3 11  3 12  3 14  4 11  5 12  6 13  7 13  8 14  10 14
0 9  0 10  0 14  1 9  1 13  2 10  3 11  3 12  4 11  5 12  6 13  7 13  8 14  11 14
0 9  0 10  1 9  2 10  3 11  3 12  4 11  4 14  5 12  6 13  6 14  7 13  8 13  9 14
0 9  0 10  1 9  1 13  2 10  3 11  3 13  4 11  5 12  5 13  6 12  7 14  8 14  11 14
0 9  0 10  0 14  1 9  1 13  2 10  3 11  3 13  4 11  5 12  6 12  7 13  8 14  12 14
0 9  0 10  0 14  1 9  2 10  3 11  3 13  4 11  5 12  5 13  6 12  7 13  8 14  11 14
0 9  0 10  1 9  1 13  2 10  3 11  3 14  4 11  5 12  5 14  6 12  7 13  8 13  10 14
0 9  0 10  1 9  1 13  2 10  3 11  4 11  5 12  5 14  6 12  7 13  8 13  10 14  11 14
0 9  0 10  1 9  1 13  2 10  2 14  3 11  4 11  5 12  6 12  7 13  8 13  11 14  12 14
0 9  0 10  1 9  1 13  2 10  3 11  4 11  5 12  6 12  7 13  7 14  8 13  11 14  12 14
0 9  0 10  1 9  2 10  3 11  3 13  4 11  4 14  5 12  5 14  6 12  7 13  8 13  9 14
0 9  0 10  1 9  2 10  3 11  3 13  4 11  5 12  5 14  6 12  7 13  7 14  8 13  9 14
0 9  0 10  1 9  1 14  2 10  3 11  3 13  4 11  5 12  5 14  6 12  7 13  8 13  11 14
0 9  0 10  1 9  2 10  3 11  3 13  4 11  4 14  5 12  6 12  7 13  8 13  9 14  12 14
0 9  0 10  1 9  2 10  3 11  3 13  4 11  5 12  6 12  7 13  7 14  8 13  9 14  12 14
0 9  0 10  1 9  1 14  2 10  3 11  3 13  4 11  5 12  6 12  7 13  8 13  11 14  12 14
0 9  0 10  1 9  2 10  3 11  3 13  4 11  5 12  6 12  7 13  8 14  9 13  10 14  12 14
0 9  0 10  1 9  1 13  2 10  3 11  4 11  5 12  6 12  7 13  8 14  10 14  11 13  12 14
0 9  0 10  1 9  2 10  3 11  4 11  5 12  5 13  6 12  7 13  8 14  9 14  11 13  12 14
0 9  0 10  1 9  1 14  2 10  3 11  3 14  4 11  5 12  6 12  7 13  8 13  11 13  12 14
0 9  0 13  1 9  2 10  2 13  3 10  4 11  4 13  5 11  6 12  6 14  7 12  8 14  9 14
0 9  0 13  1 9  1 14  2 10  2 13  3 10  4 11  4 13  5 11  6 12  7 12  8 14  12 14
0 9  0 13  1 9  2 10  2 13  3 10  4 11  4 14  5 11  6 12  6 14  7 12  8 13  9 14
0 9  0 13  1 9  2 10  2 13  3 10  4 11  5 11  6 12  6 14  7 12  8 13  9 14  11 14
0 9  0 13  1 9  1 14  2 10  2 13  3 10  4 11  5 11  6 12  7 12  8 13  11 14  12 14
0 9  0 14  1 9  2 10  2 13  3 10  4 11  5 11  6 12  6 14  7 12  8 13  9 13  11 14
0 9  1 9  2 10  2 13  3 10  3 14  4 11  5 11  6 12  6 14  7 12  8 13  9 13  11 14
0 8  0 12  1 9  1 13  2 10  2 13  3 11  3 13  4 12  4 14  5 14  6 14  7 14  9 14
0 8  0 12  1 9  1 13  2 10  2 13  3 11  3 14  4 12  4 13  5 14  6 14  7 14  8 14
0 8  0 12  1 9  1 13  2 10  2 13  3 11  3 14  4 12  4 13  5 14  6 14  7 14  9 14
0 8  0 12  1 9  1 13  2 10  2 13  3 11  3 14  4 12  4 14  5 13  6 14  7 14  9 14
0 8  0 12  1 9  1 13  2 10  2 14  3 11  3 14  4 12  4 13  5 13  6 14  7 14  8 14
0 8  0 12  1 9  1 13  2 10  2 14  3 11  3 14  4 12  4 13  5 13  6 14  7 14  9 14
0 8  0 12  1 9  1 13  2 10  2 13  3 11  3 14  4 12  4 14  5 13  6 13  7 14  9 14
0 8  0 12  1 9  1 13  2 10  2 14  3 11  3 14  4 12  4 13  5 13  6 13  7 14  8 14
0 8  0 12  1 9  1 13  2 10  2 14  3 11  3 14  4 12  4 13  5 13  6 13  7 14  9 14
0 8  0 12  0 13  1 9  1 12  2 10  2 13  3 11  3 14  4 12  5 13  6 14  7 14  9 14
0 8  0 12  1 9  1 12  2 10  2 13  2 14  3 11  3 13  4 12  5 13  6 14  7 14  8 14
0 8  0 12  1 9  1 12  2 10  2 13  3 11  3 13  4 12  5 13  5 14  6 14  7 14  8 14
0 8  0 12  1 9  1 12  2 10  2 13  3 11  3 13  4 12  5 14  6 14  7 14  8 13  9 14
0 8  0 12  1 9  1 12  2 10  2 13  3 11  3 13  4 12  5 14  6 14  7 14  8 13  10 14
0 8  0 12  1 9  1 12  1 14  2 10  2 13  3 11  3 14  4 12  5 13  6 14  7 14  8 13
0 8  0 12  1 9  1 12  2 10  2 13  3 11  3 14  4 12  4 14  5 13  6 14  7 14  8 13
0 8  0 12  1 9  1 13  2 10  2 13  3 11  3 13  4 12  4 14  5 12  6 14  7 14  9 14
0 8  0 12  1 9  1 13  2 10  2 13  3 11  3 13  4 12  5 12  6 14  7 14  8 14  9 14
0 8  0 12  1 9  1 13  2 10  2 13  3 11  3 14  4 12  4 13  5 12  6 14  7 14  8 14
0 8  0 12  1 9  1 13  2 10  2 13  3 11  3 14  4 12  4 13  5 12  6 14  7 14  9 14
0 8  0 12  1 9  1 13  2 10  2 13  3 11  3 14  4 12  4 14  5 12  6 13  7 14  9 14
0 8  0 12  1 9  1 13  2 10  2 13  3 11  3 14  4 12  5 12  6 13  7 14  8 14  9 14
0 8  0 12  1 9  1 13  2 10  2 14  3 11  3 14  4 12  4 13  5 12  6 13  7 14  8 14
0 8  0 12  1 9  1 13  2 10  2 13  3 11  3 14  4 12  4 14  5 12  6 14  7 14  8 13
0 8  0 12  1 9  1 13  2 10  2 13  3 11  3 14  4 12  5 12  6 14  7 14  8 13  9 14
0 8  0 12  1 9  1 13  2 10  2 14  3 11  3 14  4 12  4 14  5 12  6 13  7 14  8 13
0 8  0 12  1 9  1 13  2 10  2 14  3 11  3 14  4 12  5 12  6 13  7 14  8 13  9 14
0 8  0 11  0 14  1 9  1 12  2 10  2 14  3 11  3 13  4 12  4 14  5 13  6 14  7 14
0 8  0 11  1 9  1 12  1 14  2 10  2 14  3 11  3 13  4 12  5 13  5 14  6 14  7 14
0 8  0 11  1 9  1 12  1 13  2 10  2 13  3 11  3 13  4 12  4 14  5 14  6 14  7 14
0 8  0 11  1 9  1 12  1 13  2 10  2 13  3 11  3 13  4 12  5 14  6 14  7 14  8 14
0 8  0 11  0 14  1 9  1 12  2 10  2 13  3 11  3 13  4 12  4 13  5 14  6 14  7 14
0 8  0 11  0 13  1 9  1 12  1 14  2 10  2 13  3 11  3 14  4 12  5 13  6 14  7 14
0 8  0 11  0 13  1 9  1 12  2 10  2 13  2 14  3 11  4 12  4 14  5 13  6 14  7 14
0 8  0 11  0 13  1 9  1 12  2 10  2 13  3 11  4 12  4 14  5 13  5 14  6 14  7 14
0 8  0 11  0 14  1 9  1 12  1 14  2 10  2 13  3 11  3 13  4 12  5 13  6 14  7 14
0 8  0 11  1 9  1 12  1 14  2 10  2 13  2 14  3 11  3 13  4 12  5 13  6 14  7 14
0 8  0 11  1 9  1 12  1 14  2 10  2 13  3 11  3 13  4 12  5 13  5 14  6 14  7 14
0 8  0 11  1 9  1 12  2 10  2 13  3 11  3 13  4 12  4 14  5 13  6 14  7 14  11 14
0 8  0 11  1 9  1 12  2 10  2 14  3 11  3 13  4 12  4 13  5 13  6 14  7 14  11 14
0 8  0 11  0 14  1 9  1 12  2 10  2 14  3 11  3 13  4 12  4 14  5 13  6 13  7 14
0 8  0 11  1 9  1 12  1 14  2 10  2 14  3 11  3 13  4 12  5 13  5 14  6 13  7 14
0 8  0 11  1 9  1 12  1 14  2 10  2 14  3 11  3 13  4 12  5 13  6 13  7 14  8 14
0 8  0 11  1 9  1 12  2 10  2 14  3 11  3 13  4 12  4 14  5 13  6 13  7 14  13 14
0 8  0 11  0 14  1 9  1 14  2 10  2 14  3 11  3 12  4 12  4 13  5 13  6 14  7 14
0 8  0 11  1 9  1 14  2 10  2 14  3 11  3 12  4 12  4 14  5 13  5 14  6 13  7 14
0 8  0 11  0 13  1 9  1 13  2 10  2 13  3 11  3 12  4 12  4 14  5 14  6 14  7 14
0 8  0 11  0 13  1 9  1 13  2 10  2 13  3 11  3 12  4 12  5 14  6 14  7 14  9 14
0 8  0 11  0 14  1 9  1 13  2 10  2 13  3 11  3 12  4 12  4 13  5 14  6 14  7 14
0 8  0 11  1 9  1 13  1 14  2 10  2 13  3 11  3 12  4 12  4 13  5 14  6 14  7 14
0 8  0 11  0 13  1 9  1 13  1 14  2 10  2 14  3 11  3 12  4 12  5 13  6 14  7 14
0 8  0 11  0 13  1 9  1 13  2 10  2 14  3 11  3 12  4 12  5 13  5 14  6 14  7 14
0 8  0 11  0 13  1 9  1 13  2 10  2 14  3 11  3 12  4 12  5 13  6 14  7 14  12 14
0 8  0 11  0 14  1 9  1 13  1 14  2 10  2 13  3 11  3 12  4 12  5 13  6 14  7 14
0 8  0 11  0 14  1 9  1 13  2 10  2 13  3 11  3 12  4 12  5 13  5 14  6 14  7 14
0 8  0 11  1 9  1 13  2 10  2 13  3 11  3 12  3 14  4 12  5 13  6 14  7 14  9 14
0 8  0 11  1 9  1 13  2 10  2 14  3 11  3 12  4 12  4 13  5 13  6 14  7 14  11 14
0 8  0 11  1 9  1 13  1 14  2 10  2 14  3 11  3 12  4 12  4 14  5 13  6 13  7 14
0 8  0 11  0 14  1 9  1 13  2 10  2 14  3 11  3 12  4 12  5 13  5 14  6 13  7 14
0 8  0 11  0 14  1 9  1 13  2 10  2 14  3 11  3 12  4 12  5 13  6 13  7 14  9 14
0 8  0 11  1 9  1 13  2 10  2 14  3 11  3 12  4 12  4 14  5 13  6 13  7 14  13 14
0 8  0 11  0 14  1 9  1 14  2 10  2 14  3 11  3 12  4 12  4 13  5 13  6 13  7 14
0 8  0 11  1 9  1 14  2 10  2 14  3 11  3 12  4 12  4 13  5 13  6 13  7 14  13 14
0 8  0 11  1 9  1 14  2 10  2 14  3 11  3 12  4 12  4 14  5 13  5 14  6 13  7 13
0 8  0 11  0 13  1 9  1 13  2 10  2 13  3 11  3 14  4 12  4 14  5 12  6 14  7 14
0 8  0 11  0 13  1 9  1 13  2 10  2 13  3 11  4 12  4 14  5 12  6 14  7 14  9 14
0 8  0 11  0 14  1 9  1 13  2 10  2 13  3 11  3 13  4 12  4 14  5 12  6 14  7 14
0 8  0 11  1 9  1 13  1 14  2 10  2 13  3 11  3 13  4 12  4 14  5 12  6 14  7 14
0 8  0 11  1 9  1 13  2 10  2 13  3 11  3 13  4 12  5 12  6 14  7 14  8 14  12 14
0 8  0 11  1 9  1 13  2 10  2 13  3 11  3 13  4 12  5 12  6 14  7 14  9 14  12 14
0 8  0 11  0 13  1 9  1 13  2 10  2 14  3 11  3 14  4 12  4 13  5 12  6 14  7 14
0 8  0 11  0 13  1 9  1 13  2 10  2 14  3 11  4 12  4 13  5 12  5 14  6 14  7 14
0 8  0 11  1 9  1 13  1 14  2 10  2 13  3 11  3 14  4 12  4 13  5 12  6 14  7 14
0 8  0 11  0 14  1 9  1 13  2 10  2 13  3 11  4 12  4 13  5 12  5 14  6 14  7 14
0 8  0 11  0 14  1 9  1 13  2 10  2 13  3 11  4 12  4 13  5 12  6 14  7 14  9 14
0 8  0 11  1 9  1 13  2 10  2 13  3 11  3 14  4 12  4 13  5 12  6 14  7 14  12 14
0 8  0 11  0 14  1 9  1 13  2 10  2 14  3 11  3 13  4 12  4 13  5 12  6 14  7 14
0 8  0 11  1 9  1 13  2 10  2 14  3 11  3 13  4 12  4 13  5 12  6 14  7 14  9 14
0 8  0 11  1 9  1 13  2 10  2 14  3 11  3 13  4 12  4 13  5 12  6 14  7 14  12 14
0 8  0 11  0 13  1 9  1 13  2 10  2 14  3 11  3 14  4 12  4 14  5 12  6 13  7 14
0 8  0 11  1 9  1 13  2 10  2 13  3 11  3 14  4 12  4 14  5 12  6 13  7 14  9 14
0 8  0 11  1 9  1 13  2 10  2 13  3 11  3 14  4 12  5 12  6 13  7 14  9 14  12 14
0 8  0 11  0 14  1 9  1 13  2 10  2 14  3 11  3 13  4 12  4 14  5 12  6 13  7 14
0 8  0 11  1 9  1 13  1 14  2 10  2 14  3 11  3 13  4 12  4 14  5 12  6 13  7 14
0 8  0 11  1 9  1 13  2 10  2 14  3 11  3 13  4 12  4 14  5 12  6 13  6 14  7 14
0 8  0 11  1 9  1 13  2 10  2 14  3 11  3 13  4 12  5 12  6 13  7 14  8 14  12 14
0 8  0 11  1 9  1 13  2 10  2 14  3 11  3 13  4 12  5 12  6 13  7 14  9 14  12 14
0 8  0 11  1 9  1 13  1 14  2 10  2 14  3 11  3 14  4 12  4 13  5 12  6 13  7 14
0 8  0 11  0 14  1 9  1 13  2 10  2 14  3 11  4 12  4 13  5 12  5 14  6 13  7 14
0 8  0 11  1 9  1 13  2 10  2 14  3 11  3 14  4 12  4 13  5 12  6 13  6 14  7 14
0 8  0 11  0 14  1 9  1 13  2 10  2 14  3 11  4 12  4 13  5 12  6 13  7 14  9 14
0 8  0 11  1 9  1 13  2 10  2 14  3 11  3 14  4 12  4 13  5 12  6 13  7 14  12 14
0 8  0 11  0 14  1 9  1 14  2 10  2 14  3 11  3 13  4 12  4 13  5 12  6 13  7 14
0 8  0 11  1 9  1 14  2 10  2 14  3 11  3 13  4 12  4 13  5 12  6 13  7 14  12 14
0 8  0 11  1 9  1 14  2 10  2 14  3 11  3 13  4 12  4 14  5 12  6 13  6 14  7 13
0 8  0 11  1 9  1 14  2 10  2 14  3 11  3 13  4 12  4 14  5 12  6 13  7 13  8 14
0 8  0 11  1 9  1 14  2 10  2 14  3 11  3 14  4 12  4 13  5 12  5 14  6 13  7 13
0 8  0 11  1 9  1 14  2 10  2 14  3 11  3 14  4 12  4 13  5 12  6 13  6 14  7 13
0 8  0 11  1 9  1 13  2 10  2 13  3 11  3 14  4 12  4 14  5 12  6 14  7 14  12 13
0 8  0 11  1 9  1 13  2 10  2 13  3 11  3 14  4 12  5 12  6 14  7 14  9 14  12 13
0 8  0 11  1 9  1 13  2 10  2 14  3 11  3 13  4 12  4 14  5 12  6 14  7 14  12 13
0 8  0 11  1 9  1 13  2 10  2 14  3 11  3 13  4 12  5 12  6 14  7 14  8 14  12 13
0 8  0 11  1 9  1 13  2 10  2 14  3 11  3 13  4 12  5 12  6 14  7 14  9 14  12 13
0 8  0 11  1 9  1 13  2 10  2 14  3 11  3 14  4 12  4 14  5 12  6 13  7 14  12 13
0 8  0 11  1 9  1 13  2 10  2 14  3 11  3 14  4 12  5 12  6 13  7 14  9 14  12 13
0 8  0 11  1 9  1 14  2 10  2 14  3 11  3 13  4 12  4 14  5 12  6 13  7 14  12 13
0 8  0 11  1 9  1 14  2 10  2 14  3 11  3 13  4 12  5 12  6 13  7 14  8 14  12 13
0 8  0 11  0 14  1 9  1 12  1 14  2 10  2 13  3 11  3 13  4 12  5 12  6 13  7 14
0 8  0 11  1 9  1 12  1 14  2 10  2 13  2 14  3 11  3 13  4 12  5 12  6 13  7 14
0 8  0 11  0 14  1 9  1 12  1 14  2 10  2 13  3 11  4 12  4 13  5 12  6 13  7 14
0 8  0 11  0 14  1 9  1 12  2 10  2 14  3 11  4 12  4 14  5 12  6 13  7 13  9 13
0 8  0 11  0 14  1 9  1 13  1 14  2 10  2 13  3 11  3 12  4 12  5 12  6 13  7 14
0 8  0 11  1 9  1 13  2 10  2 13  3 11  3 12  4 12  5 12  6 13  7 14  9 14  11 14
0 8  0 11  1 9  1 13  2 10  2 14  3 11  3 12  4 12  4 13  5 12  6 13  7 14  11 14
0 8  0 11  0 14  1 9  1 13  2 10  2 14  3 11  3 12  4 12  5 12  6 13  6 14  7 13
0 8  0 11  0 14  1 9  1 13  2 10  2 14  3 11  3 12  4 12  5 12  6 13  7 13  9 14
0 8  0 11  0 14  1 9  1 13  2 10  2 14  3 11  3 13  4 12  4 13  5 12  6 12  7 14
0 8  0 11  1 9  1 13  2 10  2 14  3 11  3 13  4 12  4 13  5 12  6 12  7 14  9 14
0 8  0 11  1 9  1 13  2 10  2 14  3 11  3 14  4 12  4 13  5 12  6 12  7 13  7 14
0 8  0 11  0 14  1 9  1 13  2 10  2 14  3 11  4 12  4 13  5 12  6 12  7 13  9 14
0 8  0 11  0 14  1 9  1 14  2 10  2 14  3 11  3 13  4 12  4 13  5 12  6 12  7 13
0 8  0 13  1 9  1 14  2 10  2 14  3 11  3 12  4 11  4 14  5 12  6 13  6 14  7 14
0 8  0 14  1 9  1 14  2 10  2 14  3 11  3 12  4 11  4 13  5 12  5 14  6 13  7 14
0 8  0 13  0 14  1 9  1 13  2 10  2 13  3 11  3 12  4 11  4 14  5 12  6 14  7 14
0 8  0 13  1 9  1 13  2 10  2 13  3 11  3 12  4 11  5 12  6 14  7 14  8 14  11 14
0 8  0 13  0 14  1 9  1 13  2 10  2 14  3 11  3 12  4 11  4 13  5 12  6 14  7 14
0 8  0 13  1 9  1 13  2 10  2 14  3 11  3 12  4 11  4 13  5 12  6 14  7 14  12 14
0 8  0 13  0 14  1 9  1 13  2 10  2 14  3 11  3 12  4 11  4 14  5 12  6 13  7 14
0 8  0 13  1 9  1 13  2 10  2 14  3 11  3 12  4 11  4 14  5 12  6 13  6 14  7 14
0 8  0 13  1 9  1 13  2 10  2 14  3 11  3 12  4 11  5 12  6 13  7 14  8 14  11 14
0 8  0 13  0 14  1 9  1 14  2 10  2 14  3 11  3 12  4 11  4 13  5 12  6 13  7 14
0 8  0 13  1 9  1 14  2 10  2 14  3 11  3 12  4 11  4 13  5 12  6 13  6 14  7 14
0 8  0 13  1 9  1 14  2 10  2 14  3 11  3 12  4 11  4 13  5 12  6 13  7 14  12 14
0 8  0 13  1 9  1 14  2 10  2 14  3 11  3 12  4 11  4 14  5 12  6 13  6 14  7 13
0 8  0 13  1 9  1 14  2 10  2 14  3 11  3 12  4 11  4 14  5 12  6 13  7 13  8 14
0 8  0 14  1 9  1 14  2 10  2 14  3 11  3 12  4 11  4 13  5 12  5 14  6 13  7 13
0 8  0 14  1 9  1 14  2 10  2 14  3 11  3 12  4 11  4 13  5 12  6 13  6 14  7 13
0 8  0 13  1 9  1 13  2 10  2 14  3 11  3 12  4 11  5 12  5 14  6 14  7 14  11 13
0 8  0 13  1 9  1 13  2 10  2 14  3 11  3 12  4 11  5 12  6 14  7 14  8 14  11 13
0 8  0 13  1 9  1 14  2 10  2 14  3 11  3 12  4 11  5 12  5 14  6 13  7 14  11 13
0 8  0 13  1 9  1 14  2 10  2 14  3 11  3 12  4 11  5 12  6 13  7 14  8 14  11 13
0 8  0 13  1 9  1 13  2 10  2 14  3 11  3 13  4 11  4 14  5 12  5 14  6 12  7 14
0 8  0 13  1 9  1 13  2 10  2 14  3 11  3 13  4 11  5 12  5 14  6 12  7 14  8 14
0 8  0 13  1 9  1 14  2 10  2 14  3 11  3 13  4 11  4 14  5 12  5 13  6 12  7 14
0 8  0 13  1 9  1 14  2 10  2 14  3 11  3 13  4 11  4 14  5 12  5 14  6 12  7 13
0 8  0 13  1 9  1 14  2 10  2 14  3 11  3 13  4 11  5 12  5 14  6 12  7 13  8 14
0 8  0 14  1 9  1 14  2 10  2 14  3 11  3 13  4 11  4 14  5 12  5 13  6 12  7 13
0 8  0 12  1 9  1 12  2 10  2 13  3 11  4 11  5 12  5 14  6 13  7 14  8 13  11 14
0 8  0 12  0 14  1 9  1 13  1 14  2 10  2 13  3 11  3 12  4 11  5 12  6 13  7 14
0 8  0 12  1 9  1 13  2 10  2 13  3 11  3 12  4 11  5 12  6 13  6 14  7 14  11 14
0 8  0 12  1 9  1 13  2 10  2 13  3 11  3 12  4 11  5 12  6 14  7 14  8 13  11 14
0 8  0 12  1 9  1 13  2 10  2 13  3 11  3 13  4 11  5 12  6 12  7 14  8 14  11 14
0 8  0 12  1 9  1 13  2 10  2 13  3 11  4 11  5 12  5 13  6 12  7 14  8 14  11 14
0 8  0 12  1 9  1 13  2 10  2 13  3 11  4 11  5 12  5 13  6 12  7 14  9 14  11 14
0 8  0 12  1 9  1 13  2 10  2 14  3 11  3 13  4 11  5 12  5 13  6 12  7 14  9 14
0 8  0 12  1 9  1 13  2 10  2 14  3 11  3 13  4 11  5 12  5 13  6 12  7 14  11 14
0 8  0 12  1 9  1 13  2 10  2 13  3 11  3 14  4 11  5 12  6 12  7 13  8 14  9 14
0 8  0 12  1 9  1 13  2 10  2 13  3 11  4 11  5 12  5 14  6 12  7 13  9 14  11 14
0 8  0 12  1 9  1 13  2 10  2 13  3 11  4 11  5 12  6 12  7 13  8 14  9 14  11 14
0 8  0 12  1 9  1 13  2 10  2 14  3 11  3 13  4 11  5 12  6 12  7 13  7 14  8 14
0 8  0 12  1 9  1 13  2 10  2 14  3 11  3 13  4 11  5 12  5 14  6 12  7 13  11 14
0 8  0 12  1 9  1 13  2 10  2 14  3 11  3 13  4 11  5 12  6 12  7 13  8 14  11 14
0 8  0 12  1 9  1 13  2 10  2 14  3 11  3 14  4 11  5 12  5 13  6 12  6 14  7 13
0 8  0 12  1 9  1 13  2 10  2 14  3 11  4 11  5 12  5 13  6 12  7 13  8 14  11 14
0 8  0 12  1 9  1 13  2 10  2 13  3 11  4 11  5 12  6 12  7 14  8 13  9 14  11 14
0 8  0 12  1 9  1 13  2 10  2 14  3 11  3 13  4 11  5 12  6 12  7 14  8 13  11 14
0 8  0 12  1 9  1 13  2 10  2 14  3 11  4 11  5 12  5 14  6 12  7 13  8 13  11 14
0 8  0 12  1 9  1 13  2 10  2 14  3 11  4 11  5 12  6 12  7 13  8 13  9 14  11 14
0 8  0 12  1 9  1 14  2 10  2 14  3 11  3 13  4 11  5 12  6 12  7 13  8 13  11 14
0 8  0 13  1 9  1 13  2 10  2 13  3 11  3 12  4 11  5 12  6 12  7 14  8 14  11 14
0 8  0 13  1 9  1 13  2 10  2 14  3 11  3 12  4 11  5 12  5 13  6 12  7 14  11 14
0 8  0 13  1 9  1 13  2 10  2 14  3 11  3 12  4 11  5 12  6 12  7 13  8 14  11 14
0 8  0 13  1 9  1 14  2 10  2 14  3 11  3 12  4 11  4 13  5 12  6 12  7 13  7 14
0 8  0 13  1 9  1 14  2 10  2 14  3 11  3 12  4 11  5 12  5 13  6 12  7 13  7 14
0 8  0 13  1 9  1 14  2 10  2 14  3 11  3 12  4 11  5 12  5 13  6 12  7 13  11 14
0 8  0 13  1 9  1 13  2 10  2 14  3 11  3 14  4 11  5 12  5 13  6 12  7 12  8 14
0 8  0 13  1 9  1 14  2 10  2 14  3 11  3 13  4 11  4 14  5 12  5 13  6 12  7 12
0 8  0 13  1 9  1 14  2 10  2 14  3 11  3 13  4 11  5 12  5 13  6 12  6 14  7 12
0 8  0 10  1 9  1 11  1 14  2 10  2 12  2 14  3 11  3 13  4 12  5 13  6 14  7 14
0 8  0 10  1 9  1 11  2 10  2 12  2 14  3 11  3 14  4 12  4 13  5 13  6 14  7 14
0 8  0 10  1 9  1 11  1 14  2 10  2 12  3 11  4 12  4 13  4 14  5 13  6 14  7 14
0 8  0 10  0 14  1 9  1 11  2 10  2 12  3 11  3 14  4 12  5 13  5 14  6 13  7 14
0 8  0 10  1 9  1 11  1 14  2 10  2 12  3 11  4 12  4 14  5 13  5 14  6 13  7 14
0 8  0 10  0 14  1 9  1 11  2 10  2 12  3 11  3 14  4 12  5 13  6 13  7 14  13 14
0 8  0 10  1 9  1 11  1 14  2 10  2 12  3 11  4 12  4 14  5 13  6 13  7 14  13 14
0 8  0 10  1 9  1 11  1 14  2 10  2 12  2 14  3 11  3 13  4 12  5 13  6 13  7 14
0 8  0 10  0 14  1 9  1 11  2 10  2 12  3 11  3 13  4 12  5 13  6 13  7 14  11 14
0 8  0 10  1 9  1 11  1 14  2 10  2 12  3 11  4 12  4 13  5 13  6 13  7 14  10 14
0 8  0 10  0 14  1 9  1 11  2 10  2 12  3 11  3 14  4 12  5 13  5 14  6 13  7 13
0 8  0 10  1 9  1 11  2 10  2 13  3 11  3 13  4 12  5 12  6 13  7 14  10 14  12 14
0 8  0 10  1 9  1 11  1 14  2 10  2 13  3 11  4 12  4 13  5 12  6 13  7 14  10 14
0 8  0 10  0 14  1 9  1 11  2 10  2 13  3 11  3 14  4 12  4 14  5 12  6 13  7 13
0 8  0 10  1 9  1 11  1 14  2 10  2 13  3 11  4 12  4 14  5 12  6 13  7 13  8 14
0 8  0 10  0 14  1 9  1 11  2 10  2 13  3 11  3 14  4 12  5 12  6 13  7 13  12 14
0 8  0 10  1 9  1 11  1 14  2 10  2 13  3 11  4 12  5 12  6 13  6 14  7 13  12 14
0 8  0 10  1 9  1 11  1 14  2 10  2 13  3 11  4 12  5 12  6 13  7 13  8 14  12 14
0 8  0 10  1 9  1 11  1 14  2 10  2 14  3 11  4 12  4 13  5 12  5 14  6 13  7 13
0 8  0 10  1 9  1 11  2 10  2 14  3 11  3 14  4 12  4 13  5 12  5 14  6 13  7 13
0 8  0 10  1 9  1 11  2 10  2 14  3 11  3 14  4 12  4 13  5 12  6 13  6 14  7 13
0 8  0 10  0 14  1 9  1 11  1 14  2 10  2 13  3 11  4 12  5 12  6 13  7 14  12 13
0 8  0 10  1 9  1 14  2 10  2 11  2 14  3 11  3 12  4 12  4 13  5 13  6 14  7 14
0 8  0 10  1 9  1 14  2 10  2 11  3 11  3 12  3 14  4 12  4 13  5 13  6 14  7 14
0 8  0 10  1 9  1 14  2 10  2 11  3 11  3 12  3 14  4 12  5 13  5 14  6 13  7 14
0 8  0 10  0 14  1 9  1 14  2 10  2 11  3 11  3 12  4 12  5 13  6 13  7 14  13 14
0 8  0 10  1 9  1 13  1 14  2 10  2 11  3 11  3 12  3 14  4 12  5 13  6 13  7 14
0 8  0 10  1 9  1 14  2 10  2 11  3 11  3 12  4 12  4 13  5 13  6 13  7 14  12 14
0 8  0 10  1 9  1 14  2 10  2 11  3 11  3 14  4 12  4 14  5 12  6 13  6 14  7 13
0 8  0 10  1 9  1 14  2 10  2 11  3 11  3 14  4 12  5 12  6 13  6 14  7 13  12 14
0 8  0 10  0 13  1 9  1 13  2 10  2 11  3 11  4 12  5 12  6 13  7 14  11 14  12 14
0 8  0 10  1 9  1 13  2 10  2 11  3 11  3 13  4 12  5 12  6 13  7 14  10 14  12 14
0 8  0 10  1 9  1 13  1 14  2 10  2 11  2 14  3 11  4 12  4 13  5 12  6 13  7 14
0 8  0 10  1 9  1 13  2 10  2 11  2 14  3 11  4 12  4 13  5 12  6 13  7 14  12 14
0 8  0 10  1 9  1 14  2 10  2 11  3 11  3 13  4 12  4 13  5 12  6 13  7 14  11 14
0 8  0 10  0 14  1 9  1 13  2 10  2 11  3 11  4 12  4 14  5 12  6 13  7 13  9 14
0 8  0 10  1 9  1 13  1 14  2 10  2 11  3 11  3 14  4 12  5 12  6 13  7 13  12 14
0 8  0 10  0 14  1 9  1 13  2 10  2 11  3 11  4 12  5 12  6 13  6 14  7 13  12 14
0 8  0 10  0 14  1 9  1 13  2 10  2 11  3 11  4 12  5 12  6 13  7 13  9 14  12 14
0 8  0 10  1 9  1 14  2 10  2 11  3 11  3 13  4 12  4 14  5 12  6 13  7 13  10 14
0 8  0 10  0 14  1 9  1 14  2 10  2 11  3 11  3 13  4 12  5 12  6 13  7 13  12 14
0 8  0 10  0 14  1 9  1 14  2 10  2 11  3 11  4 12  4 13  5 12  6 13  7 13  12 14
0 8  0 10  0 14  1 9  1 14  2 10  2 11  3 11  4 12  4 14  5 12  6 13  7 13  12 13
0 8  0 10  0 14  1 9  1 13  2 10  2 13  3 11  3 13  4 11  5 12  6 12  7 14  12 14
0 8  0 10  1 9  1 13  2 10  2 13  3 11  3 13  4 11  5 12  6 12  7 14  9 14  12 14
0 8  0 10  1 9  1 13  2 10  2 13  3 11  3 13  4 11  5 12  6 12  7 14  11 14  12 14
0 8  0 10  0 14  1 9  1 13  2 10  3 11  3 13  4 11  5 12  5 13  6 12  7 14  11 14
0 8  0 10  0 14  1 9  1 14  2 10  2 13  3 11  3 13  4 11  5 12  5 13  6 12  7 14
0 8  0 10  1 9  1 14  2 10  2 13  3 11  3 13  4 11  5 12  5 13  6 12  7 14  11 14
0 8  0 10  0 13  1 9  1 13  2 10  2 14  3 11  4 11  5 12  5 14  6 12  7 13  11 14
0 8  0 10  0 14  1 9  1 13  2 10  2 13  3 11  3 14  4 11  5 12  5 14  6 12  7 13
0 8  0 10  0 14  1 9  1 13  2 10  2 13  3 11  4 11  5 12  5 14  6 12  7 13  11 14
0 8  0 10  1 9  1 13  1 14  2 10  2 13  3 11  4 11  5 12  5 14  6 12  7 13  11 14
0 8  0 10  1 9  1 13  2 10  2 13  3 11  4 11  5 12  5 14  6 12  7 13  7 14  11 14
0 8  0 10  1 9  1 13  2 10  2 13  3 11  4 11  5 12  6 12  7 13  8 14  11 14  12 14
0 8  0 10  1 9  1 13  2 10  2 13  3 11  4 11  5 12  6 12  7 13  9 14  11 14  12 14
0 8  0 10  0 14  1 9  1 13  2 10  3 11  3 13  4 11  4 14  5 12  5 14  6 12  7 13
0 8  0 10  0 14  1 9  1 13  2 10  3 11  3 13  4 11  5 12  5 14  6 12  7 13  9 14
0 8  0 10  1 9  1 13  2 10  2 14  3 11  3 13  4 11  5 12  5 14  6 12  7 13  11 14
0 8  0 10  1 9  1 13  1 14  2 10  2 14  3 11  3 13  4 11  5 12  6 12  7 13  12 14
0 8  0 10  0 14  1 9  1 13  2 10  3 11  3 13  4 11  4 14  5 12  6 12  7 13  12 14
0 8  0 10  1 9  1 13  2 10  2 14  3 11  3 13  4 11  5 12  6 12  7 13  7 14  12 14
0 8  0 10  0 14  1 9  1 13  2 10  3 11  3 13  4 11  5 12  6 12  7 13  9 14  12 14
0 8  0 10  1 9  1 13  2 10  2 14  3 11  3 13  4 11  5 12  6 12  7 13  11 14  12 14
0 8  0 10  1 9  1 14  2 10  2 13  3 11  3 13  4 11  5 12  5 14  6 12  7 13  7 14
0 8  0 10  1 9  1 14  2 10  2 13  3 11  3 13  4 11  5 12  5 14  6 12  7 13  10 14
0 8  0 10  0 14  1 9  1 14  2 10  2 13  3 11  3 13  4 11  5 12  6 12  7 13  12 14
0 8  0 10  1 9  1 14  2 10  2 13  3 11  3 13  4 11  5 12  6 12  7 13  11 14  12 14
0 8  0 10  1 9  1 14  2 10  2 14  3 11  3 13  4 11  5 12  5 13  6 12  7 13  7 14
0 8  0 10  0 14  1 9  1 14  2 10  3 11  3 13  4 11  5 12  5 13  6 12  7 13  11 14
0 8  0 10  1 9  1 14  2 10  2 13  3 11  4 11  5 12  5 13  6 12  7 14  11 13  12 14
0 8  0 10  1 9  1 13  2 10  2 14  3 11  4 11  5 12  6 12  7 13  9 14  11 13  12 14
0 8  0 10  0 14  1 9  1 14  2 10  2 13  3 11  4 11  5 12  5 14  6 12  7 13  11 13
0 8  0 10  1 9  1 14  2 10  2 13  3 11  3 14  4 11  5 12  6 12  7 13  11 13  12 14
0 8  0 10  1 9  1 14  2 10  2 13  3 11  4 11  5 12  6 12  7 13  8 14  11 13  12 14
0 8  0 10  0 14  1 9  1 14  2 10  3 11  4 11  5 12  5 13  6 12  6 14  7 13  11 13
0 8  0 10  1 9  1 14  2 10  2 14  3 11  4 11  5 12  5 13  6 12  7 13  11 13  12 14
0 8  0 12  1 9  1 13  1 14  2 10  2 11  3 10  3 14  4 11  5 12  5 14  6 13  7 14
0 8  0 12  1 9  1 13  2 10  2 11  3 10  3 14  4 11  5 12  5 14  6 13  6 14  7 14
0 8  0 12  1 9  1 14  2 10  2 11  2 14  3 10  3 13  4 11  5 12  5 14  6 13  7 14
0 8  0 12  0 14  1 9  1 14  2 10  2 11  3 10  3 13  4 11  5 12  6 13  7 14  11 14
0 8  0 12  1 9  1 14  2 10  2 11  3 10  3 14  4 11  5 12  5 13  5 14  6 13  7 14
0 8  0 12  1 9  1 14  2 10  2 11  2 14  3 10  4 11  5 12  5 13  6 13  6 14  7 14
0 8  0 12  0 14  1 9  1 14  2 10  2 11  3 10  4 11  5 12  5 13  6 13  7 14  10 14
0 8  0 12  1 9  1 14  2 10  2 11  3 10  3 14  4 11  5 12  5 14  6 13  6 14  7 13
0 8  0 12  1 9  1 14  2 10  2 11  3 10  3 14  4 11  5 12  5 14  6 13  7 13  13 14
0 8  0 12  0 14  1 9  1 13  2 10  2 11  2 14  3 10  3 13  4 11  5 12  6 13  7 14
0 8  0 12  1 9  1 13  2 10  2 11  3 10  3 13  4 11  5 12  5 14  6 13  7 14  10 14
0 8  0 12  0 14  1 9  1 13  2 10  2 11  2 14  3 10  4 11  5 12  5 13  6 13  7 14
0 8  0 12  1 9  1 13  1 14  2 10  2 11  2 14  3 10  4 11  5 12  5 13  6 13  7 14
0 8  0 12  1 9  1 13  2 10  2 11  3 10  4 11  5 12  5 13  6 13  7 14  10 14  12 14
0 8  0 12  1 9  1 14  2 10  2 11  3 10  3 13  4 11  5 12  5 13  6 13  7 14  10 14
0 8  0 12  1 9  1 13  2 10  2 11  3 10  3 14  4 11  5 12  5 14  6 13  6 14  7 13
0 8  0 12  0 14  1 9  1 13  2 10  2 11  3 10  3 14  4 11  5 12  6 13  7 13  9 14
0 8  0 12  1 9  1 13  2 10  2 11  3 10  3 14  4 11  5 12  5 14  6 13  7 13  9 14
0 8  0 12  0 14  1 9  1 14  2 10  2 11  3 10  3 13  4 11  5 12  6 13  7 13  11 14
0 8  0 12  0 14  1 9  1 14  2 10  2 11  3 10  4 11  5 12  5 13  6 13  7 13  10 14
0 8  0 12  1 9  1 14  2 10  2 11  3 10  3 14  4 11  5 12  5 13  6 13  7 13  12 14
0 8  0 12  0 14  1 9  1 13  2 10  2 11  3 10  4 11  5 12  6 13  7 14  10 13  11 14
0 8  0 12  1 9  1 14  2 10  2 11  3 10  4 11  5 12  5 13  6 13  7 14  10 13  12 14
0 8  0 14  1 9  1 14  2 10  2 11  3 10  3 12  3 14  4 11  4 13  5 12  6 13  7 14
0 8  0 14  1 9  1 14  2 10  2 11  3 10  3 12  4 11  5 12  6 13  6 14  7 13  11 14
0 8  0 14  1 9  1 14  2 10  2 11  3 10  3 12  4 11  4 14  5 12  6 13  7 13  13 14
0 8  0 13  0 14  1 9  1 13  2 10  2 11  2 14  3 10  3 12  4 11  5 12  6 13  7 14
0 8  0 13  1 9  1 14  2 10  2 11  3 10  3 12  4 11  4 13  5 12  6 13  7 14  11 14
0 8  0 13  1 9  1 14  2 10  2 11  2 14  3 10  3 12  4 11  5 12  6 13  7 13  8 14
0 8  0 13  0 14  1 9  1 14  2 10  2 11  3 10  3 12  4 11  5 12  6 13  7 13  11 14
0 8  0 14  1 9  1 14  2 10  2 11  3 10  3 12  3 14  4 11  4 13  5 12  6 13  7 13
0 8  0 14  1 9  1 14  2 10  2 11  3 10  4 11  5 12  5 13  6 12  6 14  7 13  10 14
0 8  0 13  1 9  1 13  2 10  2 11  3 10  3 13  4 11  5 12  6 12  7 14  11 14  12 14
0 8  0 13  1 9  1 13  2 10  2 11  3 10  4 11  5 12  5 13  6 12  7 14  10 14  12 14
0 8  0 13  1 9  1 13  2 10  2 11  3 10  4 11  5 12  5 14  6 12  7 13  8 14  10 14
0 8  0 13  0 14  1 9  1 13  2 10  2 11  3 10  3 14  4 11  5 12  6 12  7 13  12 14
0 8  0 13  1 9  1 13  2 10  2 11  3 10  3 14  4 11  5 12  6 12  7 13  7 14  12 14
0 8  0 13  1 9  1 13  2 10  2 11  3 10  4 11  5 12  6 12  7 13  8 14  10 14  12 14
0 8  0 13  0 14  1 9  1 14  2 10  2 11  3 10  3 13  4 11  5 12  6 12  7 13  12 14
0 8  0 13  1 9  1 14  2 10  2 11  3 10  3 13  4 11  5 12  6 12  7 13  7 14  12 14
0 8  0 13  1 9  1 14  2 10  2 11  3 10  3 13  4 11  5 12  6 12  7 13  11 14  12 14
0 8  0 13  0 14  1 9  1 14  2 10  2 11  3 10  4 11  5 12  5 13  6 12  7 13  10 14
0 8  0 13  1 9  1 14  2 10  2 11  3 10  4 11  5 12  5 13  6 12  7 13  7 14  10 14
0 8  0 13  1 9  1 14  2 10  2 11  3 10  4 11  5 12  5 13  6 12  7 13  10 14  12 14
0 8  0 14  1 9  1 14  2 10  2 11  2 14  3 10  3 13  4 11  5 12  5 13  6 12  7 13
0 8  0 14  1 9  1 14  2 10  2 11  3 10  3 13  4 11  5 12  5 13  6 12  7 13  7 14
0 8  0 13  1 9  1 14  2 10  2 11  3 10  4 11  5 12  5 14  6 12  7 13  10 13  11 14
0 8  0 13  1 9  1 14  2 10  2 11  3 10  4 11  4 14  5 12  6 12  7 13  10 13  12 14
0 8  0 13  1 9  1 14  2 10  2 11  3 10  4 11  5 12  6 12  7 13  8 14  10 13  12 14
0 8  0 14  1 9  1 14  2 10  2 11  3 10  4 11  5 12  5 13  6 12  7 13  10 13  11 14
0 8  0 13  1 9  1 14  2 10  2 11  3 10  4 11  5 12  5 14  6 12  7 13  10 14  12 13
0 8  0 13  1 9  1 14  2 10  2 11  3 10  4 11  5 12  6 12  7 13  8 14  10 14  12 13
0 8  0 14  1 9  1 14  2 10  2 11  3 10  3 13  4 11  5 12  6 12  7 13  11 14  12 13
0 8  0 13  1 9  1 13  2 10  2 13  3 10  3 14  4 11  4 14  5 11  6 12  6 14  7 12
0 8  0 13  1 9  1 13  2 10  2 13  3 10  4 11  4 14  5 11  6 12  6 14  7 12  8 14
0 8  0 13  1 9  1 13  2 10  2 13  3 10  3 14  4 11  5 11  6 12  6 14  7 12  11 14
0 8  0 13  1 9  1 13  2 10  2 13  3 10  4 11  5 11  6 12  6 14  7 12  8 14  11 14
0 8  0 13  1 9  1 14  2 10  2 13  3 10  4 11  4 13  5 11  6 12  6 14  7 12  10 14
0 8  0 13  1 9  1 14  2 10  2 13  3 10  3 14  4 11  4 13  5 11  6 12  7 12  12 14
0 8  0 9  1 9  1 10  1 14  2 10  2 11  3 11  3 12  4 12  5 13  6 13  7 14  13 14
0 8  0 9  1 9  1 10  2 10  2 11  2 14  3 11  3 12  4 12  5 13  6 13  7 14  13 14
0 8  0 9  1 9  1 10  2 10  2 11  2 14  3 11  4 12  4 14  5 12  6 13  6 14  7 13
0 8  0 9  1 9  1 10  2 10  2 11  2 14  3 11  4 12  5 12  6 13  6 14  7 13  12 14
0 8  0 9  0 14  1 9  1 10  2 10  2 11  3 11  4 12  5 12  6 13  7 13  12 14  13 14
0 8  0 11  0 14  1 9  1 10  2 9  2 12  3 10  3 13  4 11  5 12  6 13  7 14  9 14
0 8  0 11  1 9  1 10  1 14  2 9  2 12  3 10  4 11  4 13  4 14  5 12  6 13  7 14
0 8  0 11  0 14  1 9  1 10  2 9  2 12  3 10  4 11  4 13  5 12  6 13  7 14  9 14
0 8  0 11  1 9  1 10  1 14  2 9  2 12  3 10  4 11  4 14  5 12  6 13  6 14  7 13
0 8  0 11  0 14  1 9  1 10  2 9  2 12  3 10  4 11  5 12  6 13  6 14  7 13  10 14
0 8  0 11  1 9  1 10  1 14  2 9  2 12  3 10  4 11  4 14  5 12  6 13  7 13  13 14
0 8  0 11  0 14  1 9  1 10  2 9  2 12  3 10  4 11  5 12  6 13  7 13  10 14  13 14
0 8  0 11  1 9  1 10  1 14  2 9  3 10  4 11  4 12  5 12  5 13  5 14  6 13  7 14
0 8  0 11  1 9  1 10  2 9  3 10  4 11  4 12  4 14  5 12  5 13  6 13  7 14  9 14
0 8  0 11  1 9  1 10  2 9  2 14  3 10  4 11  4 12  4 14  5 12  6 13  6 14  7 13
0 8  0 11  1 9  1 10  1 14  2 9  3 10  4 11  4 12  5 12  5 14  6 13  6 14  7 13
0 8  0 11  0 14  1 9  1 10  2 9  3 10  4 11  4 12  5 12  6 13  6 14  7 13  9 14
0 8  0 11  1 9  1 10  2 9  2 14  3 10  4 11  4 12  4 14  5 12  6 13  7 13  13 14
0 8  0 11  1 9  1 10  1 14  2 9  3 10  4 11  4 12  5 12  5 14  6 13  7 13  13 14
0 8  0 11  0 14  1 9  1 10  2 9  3 10  4 11  4 12  5 12  6 13  7 13  9 14  13 14
0 8  0 11  1 9  1 10  2 9  2 14  3 10  4 11  4 14  5 12  5 13  5 14  6 12  7 13
0 8  0 11  0 14  1 9  1 10  2 9  3 10  4 11  5 12  5 13  6 12  6 14  7 13  9 14
0 8  0 11  1 9  1 10  2 9  3 10  4 11  4 14  5 12  5 13  6 12  6 14  7 13  9 14
0 8  0 14  1 9  1 10  2 9  2 11  2 14  3 10  3 12  4 11  5 12  6 13  7 13  13 14
0 8  0 14  1 9  1 10  2 9  2 13  3 10  4 11  4 12  4 14  5 11  6 12  7 13  10 14
0 8  0 14  1 9  1 10  1 14  2 9  2 13  3 10  4 11  4 12  5 11  6 12  7 13  11 14
0 7  0 12  1 8  1 13  2 9  2 13  3 10  3 13  4 11  4 14  5 12  5 14  6 14  8 14
0 7  0 12  1 8  1 13  2 9  2 13  3 10  3 14  4 11  4 14  5 12  5 13  6 14  7 14
0 7  0 12  1 8  1 13  2 9  2 13  3 10  3 14  4 11  4 14  5 12  5 13  6 14  8 14
0 7  0 12  1 8  1 13  2 9  2 13  3 10  3 14  4 11  4 14  5 12  5 14  6 13  8 14
0 7  0 12  1 8  1 13  2 9  2 14  3 10  3 14  4 11  4 14  5 12  5 13  6 13  7 14
0 7  0 12  1 8  1 13  2 9  2 14  3 10  3 14  4 11  4 14  5 12  5 13  6 13  8 14
0 7  0 12  1 8  1 12  2 9  2 13  3 10  3 13  4 11  4 14  5 12  5 13  6 14  7 14
0 7  0 12  1 8  1 13  2 9  2 13  3 10  3 14  4 11  4 14  5 12  5 13  6 12  7 14
0 7  0 12  1 8  1 13  2 9  2 13  3 10  3 14  4 11  4 14  5 12  5 13  6 12  8 14
0 7  0 12  1 8  1 13  2 9  2 13  3 10  3 14  4 11  4 14  5 12  6 12  7 13  8 14
0 7  0 11  0 14  1 8  1 12  2 9  2 14  3 10  3 14  4 11  4 13  5 12  5 14  6 13
0 7  0 11  1 8  1 12  1 14  2 9  2 14  3 10  3 14  4 11  4 13  5 12  6 13  6 14
0 7  0 11  0 14  1 8  1 12  1 14  2 9  2 13  3 10  3 13  4 11  4 13  5 12  6 14
0 7  0 11  0 13  1 8  1 12  1 14  2 9  2 13  3 10  3 14  4 11  4 14  5 12  6 13
0 7  0 11  1 8  1 12  1 14  2 9  2 13  3 10  3 13  4 11  4 14  5 12  6 13  9 14
0 7  0 11  1 8  1 12  2 9  2 13  3 10  3 13  4 11  4 14  5 12  5 14  6 13  9 14
0 7  0 11  0 14  1 8  1 12  1 14  2 9  2 13  3 10  3 14  4 11  4 13  5 12  6 13
0 7  0 11  1 8  1 12  1 14  2 9  2 13  2 14  3 10  3 14  4 11  4 13  5 12  6 13
0 7  0 11  1 8  1 12  1 14  2 9  2 13  3 10  3 14  4 11  4 13  5 12  6 13  6 14
0 7  0 11  1 8  1 12  2 9  2 13  3 10  3 14  4 11  4 13  5 12  5 14  6 13  11 14
0 7  0 11  1 8  1 12  2 9  2 14  3 10  3 14  4 11  4 13  5 12  5 13  6 13  11 14
0 7  0 11  0 14  1 8  1 14  2 9  2 14  3 10  3 14  4 11  4 12  5 12  5 13  6 13
0 7  0 11  0 13  1 8  1 13  2 9  2 14  3 10  3 14  4 11  4 12  5 12  6 13  12 14
0 7  0 11  0 14  1 8  1 13  1 14  2 9  2 13  3 10  3 14  4 11  4 12  5 12  6 13
0 7  0 11  0 14  1 8  1 13  2 9  2 13  3 10  3 14  4 11  4 12  5 12  6 13  6 14
0 7  0 11  1 8  1 13  2 9  2 13  3 10  3 14  4 11  4 12  4 14  5 12  6 13  8 14
0 7  0 11  1 8  1 13  2 9  2 14  3 10  3 14  4 11  4 12  5 12  5 13  6 13  11 14
0 7  0 11  1 8  1 13  2 9  2 13  3 10  3 13  4 11  4 14  5 12  5 14  6 12  8 14
0 7  0 11  1 8  1 13  2 9  2 13  3 10  3 13  4 11  4 14  5 12  6 12  8 14  12 14
0 7  0 11  0 14  1 8  1 13  2 9  2 13  3 10  3 14  4 11  4 13  5 12  5 14  6 12
0 7  0 11  1 8  1 13  2 9  2 13  3 10  3 14  4 11  4 13  5 12  6 12  7 14  12 14
0 7  0 11  1 8  1 13  2 9  2 13  3 10  3 14  4 11  4 13  5 12  6 12  8 14  12 14
0 7  0 11  0 14  1 8  1 13  2 9  2 13  3 10  3 14  4 11  5 12  5 13  6 12  6 14
0 7  0 11  0 14  1 8  1 13  2 9  2 13  3 10  3 14  4 11  5 12  5 13  6 12  8 14
0 7  0 11  1 8  1 13  2 9  2 13  3 10  3 14  4 11  4 14  5 12  5 13  6 12  12 14
0 7  0 11  0 14  1 8  1 13  2 9  2 14  3 10  3 14  4 11  4 13  5 12  5 13  6 12
0 7  0 11  1 8  1 13  2 9  2 14  3 10  3 14  4 11  4 13  5 12  5 13  6 12  12 14
0 7  0 13  1 8  1 13  2 9  2 13  3 10  3 14  4 11  4 12  5 11  6 12  7 14  11 14
0 7  0 13  1 8  1 13  2 9  2 14  3 10  3 14  4 11  4 12  5 11  5 13  6 12  12 14
0 7  0 10  0 14  1 8  1 11  2 9  2 12  2 14  3 10  3 13  4 11  4 14  5 12  6 13
0 7  0 10  0 14  1 8  1 11  2 9  2 12  3 10  3 13  4 11  4 14  5 12  5 14  6 13
0 7  0 10  1 8  1 11  1 14  2 9  2 12  2 14  3 10  3 13  4 11  5 12  6 13  6 14
0 7  0 10  1 8  1 11  1 14  2 9  2 14  3 10  3 12  3 14  4 11  4 13  5 12  6 13
0 7  0 10  1 8  1 11  1 14  2 9  2 14  3 10  3 12  4 11  5 12  5 13  5 14  6 13
