0 15  0 16  1 15  2 16  3 16  4 16  5 16  6 16  7 16  8 16  9 16  10 16  11 16  12 16  13 16  14 16
0 15  0 16  1 15  2 15  3 16  4 16  5 16  6 16  7 16  8 16  9 16  10 16  11 16  12 16  13 16  14 16
0 15  0 16  1 15  2 15  3 15  4 16  5 16  6 16  7 16  8 16  9 16  10 16  11 16  12 16  13 16  14 16
0 15  0 16  1 15  2 15  3 15  4 15  5 16  6 16  7 16  8 16  9 16  10 16  11 16  12 16  13 16  14 16
0 15  0 16  1 15  2 15  3 15  4 15  5 15  6 16  7 16  8 16  9 16  10 16  11 16  12 16  13 16  14 16
0 15  0 16  1 15  2 15  3 15  4 15  5 15  6 15  7 16  8 16  9 16  10 16  11 16  12 16  13 16  14 16
0 15  0 16  1 15  2 15  3 15  4 15  5 15  6 15  7 15  8 16  9 16  10 16  11 16  12 16  13 16  14 16
0 14  0 16  1 15  1 16  2 16  3 16  4 16  5 16  6 16  7 16  8 16  9 16  10 16  11 16  12 16  13 16
0 14  0 15  0 16  1 15  2 16  3 16  4 16  5 16  6 16  7 16  8 16  9 16  10 16  11 16  12 16  13 16
0 14  0 16  1 15  2 15  3 16  4 16  5 16  6 16  7 16  8 16  9 16  10 16  11 16  12 16  13 16  15 16
0 14  0 15  0 16  1 15  2 15  3 16  4 16  5 16  6 16  7 16  8 16  9 16  10 16  11 16  12 16  13 16
0 14  0 15  1 15  2 15  3 16  4 16  5 16  6 16  7 16  8 16  9 16  10 16  11 16  12 16  13 16  15 16
0 14  0 16  1 15  2 15  3 15  4 16  5 16  6 16  7 16  8 16  9 16  10 16  11 16  12 16  13 16  15 16
0 14  0 15  0 16  1 15  2 15  3 15  4 16  5 16  6 16  7 16  8 16  9 16  10 16  11 16  12 16  13 16
0 14  0 15  1 15  2 15  3 15  4 16  5 16  6 16  7 16  8 16  9 16  10 16  11 16  12 16  13 16  15 16
0 14  0 16  1 15  2 15  3 15  4 15  5 16  6 16  7 16  8 16  9 16  10 16  11 16  12 16  13 16  15 16
0 14  0 15  0 16  1 15  2 15  3 15  4 15  5 16  6 16  7 16  8 16  9 16  10 16  11 16  12 16  13 16
0 14  0 15  1 15  2 15  3 15  4 15  5 16  6 16  7 16  8 16  9 16  10 16  11 16  12 16  13 16  15 16
0 14  0 16  1 15  2 15  3 15  4 15  5 15  6 16  7 16  8 16  9 16  10 16  11 16  12 16  13 16  15 16
0 14  0 15  0 16  1 15  2 15  3 15  4 15  5 15  6 16  7 16  8 16  9 16  10 16  11 16  12 16  13 16
0 14  0 15  1 15  2 15  3 15  4 15  5 15  6 16  7 16  8 16  9 16  10 16  11 16  12 16  13 16  15 16
0 14  0 16  1 15  2 15  3 15  4 15  5 15  6 15  7 16  8 16  9 16  10 16  11 16  12 16  13 16  15 16
0 14  0 15  0 16  1 15  2 15  3 15  4 15  5 15  6 15  7 16  8 16  9 16  10 16  11 16  12 16  13 16
0 14  0 16  1 15  2 15  3 15  4 15  5 15  6 15  7 15  8 16  9 16  10 16  11 16  12 16  13 16  15 16
0 14  0 15  0 16  1 14  2 15  3 16  4 16  5 16  6 16  7 16  8 16  9 16  10 16  11 16  12 16  13 16
0 14  1 14  2 15  3 15  4 16  5 16  6 16  7 16  8 16  9 16  10 16  11 16  12 16  13 16  14 16  15 16
0 14  0 15  0 16  1 14  2 15  3 15  4 16  5 16  6 16  7 16  8 16  9 16  10 16  11 16  12 16  13 16
0 14  1 14  2 15  3 15  4 15  5 16  6 16  7 16  8 16  9 16  10 16  11 16  12 16  13 16  14 16  15 16
0 14  1 14  2 15  3 15  4 16  5 16  6 16  7 16  8 16  9 16  10 16  11 16  12 16  13 16  14 15  14 16
0 14  0 15  0 16  1 14  2 15  3 15  4 15  5 16  6 16  7 16  8 16  9 16  10 16  11 16  12 16  13 16
0 14  1 14  2 15  3 15  4 15  5 15  6 16  7 16  8 16  9 16  10 16  11 16  12 16  13 16  14 16  15 16
0 14  1 14  2 15  3 15  4 15  5 16  6 16  7 16  8 16  9 16  10 16  11 16  12 16  13 16  14 15  14 16
0 14  1 14  2 15  3 15  4 15  5 16  6 16  7 16  8 16  9 16  10 16  11 16  12 16  13 16  14 15  15 16
0 14  0 15  0 16  1 14  2 15  3 15  4 15  5 15  6 16  7 16  8 16  9 16  10 16  11 16  12 16  13 16
0 14  1 14  2 15  3 15  4 15  5 15  6 15  7 16  8 16  9 16  10 16  11 16  12 16  13 16  14 16  15 16
0 14  1 14  2 15  3 15  4 15  5 15  6 16  7 16  8 16  9 16  10 16  11 16  12 16  13 16  14 15  14 16
0 14  1 14  2 15  3 15  4 15  5 15  6 16  7 16  8 16  9 16  10 16  11 16  12 16  13 16  14 15  15 16
0 14  0 15  0 16  1 14  2 15  3 15  4 15  5 15  6 15  7 16  8 16  9 16  10 16  11 16  12 16  13 16
0 14  1 14  2 15  3 15  4 15  5 15  6 15  7 15  8 16  9 16  10 16  11 16  12 16  13 16  14 16  15 16
0 14  1 14  2 15  3 15  4 15  5 15  6 15  7 16  8 16  9 16  10 16  11 16  12 16  13 16  14 15  14 16
0 14  1 14  2 15  3 15  4 15  5 15  6 15  7 16  8 16  9 16  10 16  11 16  12 16  13 16  14 15  15 16
0 14  0 15  0 16  1 14  2 15  3 15  4 15  5 15  6 15  7 15  8 16  9 16  10 16  11 16  12 16  13 16
0 14  1 14  2 15  3 15  4 15  5 15  6 15  7 15  8 16  9 16  10 16  11 16  12 16  13 16  14 15  14 16
0 14  0 15  0 16  1 14  2 14  3 15  4 15  5 16  6 16  7 16  8 16  9 16  10 16  11 16  12 16  13 16
0 14  1 14  2 14  3 15  4 15  5 15  6 16  7 16  8 16  9 16  10 16  11 16  12 16  13 16  14 16  15 16
0 14  0 15  0 16  1 14  2 14  3 15  4 15  5 15  6 16  7 16  8 16  9 16  10 16  11 16  12 16  13 16
0 14  1 14  2 14  3 15  4 15  5 15  6 15  7 16  8 16  9 16  10 16  11 16  12 16  13 16  14 16  15 16
0 14  1 14  2 14  3 15  4 15  5 15  6 16  7 16  8 16  9 16  10 16  11 16  12 16  13 16  14 15  14 16
0 14  0 15  0 16  1 14  2 14  3 15  4 15  5 15  6 15  7 16  8 16  9 16  10 16  11 16  12 16  13 16
0 14  1 14  2 14  3 15  4 15  5 15  6 15  7 15  8 16  9 16  10 16  11 16  12 16  13 16  14 16  15 16
0 14  1 14  2 14  3 15  4 15  5 15  6 15  7 16  8 16  9 16  10 16  11 16  12 16  13 16  14 15  14 16
0 14  1 14  2 14  3 15  4 15  5 15  6 15  7 16  8 16  9 16  10 16  11 16  12 16  13 16  14 15  15 16
0 14  0 15  0 16  1 14  2 14  3 15  4 15  5 15  6 15  7 15  8 16  9 16  10 16  11 16  12 16  13 16
0 14  1 14  2 14  3 15  4 15  5 15  6 15  7 15  8 16  9 16  10 16  11 16  12 16  13 16  14 15  14 16
0 14  1 14  2 14  3 15  4 15  5 15  6 15  7 15  8 16  9 16  10 16  11 16  12 16  13 16  14 15  15 16
0 14  0 15  0 16  1 14  2 14  3 14  4 15  5 15  6 15  7 16  8 16  9 16  10 16  11 16  12 16  13 16
0 14  1 14  2 14  3 14  4 15  5 15  6 15  7 15  8 16  9 16  10 16  11 16  12 16  13 16  14 16  15 16
0 14  0 15  0 16  1 14  2 14  3 14  4 15  5 15  6 15  7 15  8 16  9 16  10 16  11 16  12 16  13 16
0 14  1 14  2 14  3 14  4 15  5 15  6 15  7 15  8 15  9 16  10 16  11 16  12 16  13 16  14 16  15 16
0 14  1 14  2 14  3 14  4 15  5 15  6 15  7 15  8 16  9 16  10 16  11 16  12 16  13 16  14 15  14 16
0 14  0 15  0 16  1 14  2 14  3 14  4 15  5 15  6 15  7 15  8 15  9 16  10 16  11 16  12 16  13 16
0 14  0 15  0 16  1 14  2 14  3 14  4 14  5 15  6 15  7 15  8 15  9 16  10 16  11 16  12 16  13 16
0 14  1 14  2 14  3 14  4 14  5 15  6 15  7 15  8 15  9 15  10 16  11 16  12 16  13 16  14 16  15 16
0 13  0 16  1 14  1 16  2 15  2 16  3 16  4 16  5 16  6 16  7 16  8 16  9 16  10 16  11 16  12 16
0 13  0 16  1 14  1 16  2 15  3 15  4 16  5 16  6 16  7 16  8 16  9 16  10 16  11 16  12 16  15 16
0 13  0 15  1 14  1 15  2 15  3 16  4 16  5 16  6 16  7 16  8 16  9 16  10 16  11 16  12 16  15 16
0 13  0 16  1 14  1 16  2 15  3 15  4 15  5 16  6 16  7 16  8 16  9 16  10 16  11 16  12 16  15 16
0 13  0 15  1 14  1 15  2 15  3 15  4 16  5 16  6 16  7 16  8 16  9 16  10 16  11 16  12 16  15 16
0 13  0 16  1 14  1 16  2 15  3 15  4 15  5 15  6 16  7 16  8 16  9 16  10 16  11 16  12 16  15 16
0 13  0 15  1 14  1 15  2 15  3 15  4 15  5 16  6 16  7 16  8 16  9 16  10 16  11 16  12 16  15 16
0 13  0 16  1 14  1 16  2 15  3 15  4 15  5 15  6 15  7 16  8 16  9 16  10 16  11 16  12 16  15 16
0 13  0 15  1 14  1 15  2 15  3 15  4 15  5 15  6 16  7 16  8 16  9 16  10 16  11 16  12 16  15 16
0 13  0 16  1 14  1 16  2 15  3 15  4 15  5 15  6 15  7 15  8 16  9 16  10 16  11 16  12 16  15 16
0 13  0 14  0 15  0 16  1 14  2 15  3 15  4 15  5 16  6 16  7 16  8 16  9 16  10 16  11 16  12 16
0 13  0 14  0 15  0 16  1 14  2 15  3 15  4 15  5 15  6 16  7 16  8 16  9 16  10 16  11 16  12 16
0 13  0 14  0 15  0 16  1 14  2 15  3 15  4 15  5 15  6 15  7 16  8 16  9 16  10 16  11 16  12 16
0 13  0 16  1 14  2 14  3 15  4 15  5 16  6 16  7 16  8 16  9 16  10 16  11 16  12 16  14 16  15 16
0 13  0 16  1 14  2 14  3 15  4 15  5 15  6 16  7 16  8 16  9 16  10 16  11 16  12 16  14 16  15 16
0 13  0 15  1 14  2 14  3 15  4 16  5 16  6 16  7 16  8 16  9 16  10 16  11 16  12 16  14 15  15 16
0 13  0 16  1 14  2 14  3 15  4 15  5 15  6 15  7 16  8 16  9 16  10 16  11 16  12 16  14 16  15 16
0 13  0 15  1 14  2 14  3 15  4 15  5 16  6 16  7 16  8 16  9 16  10 16  11 16  12 16  14 15  15 16
0 13  0 16  1 14  2 14  3 15  4 15  5 15  6 15  7 15  8 16  9 16  10 16  11 16  12 16  14 16  15 16
0 13  0 15  1 14  2 14  3 15  4 15  5 15  6 16  7 16  8 16  9 16  10 16  11 16  12 16  14 15  15 16
0 13  0 16  1 14  2 14  3 15  4 15  5 15  6 15  7 15  8 15  9 16  10 16  11 16  12 16  14 16  15 16
0 13  0 14  0 15  0 16  1 14  2 14  3 15  4 15  5 16  6 16  7 16  8 16  9 16  10 16  11 16  12 16
0 13  0 14  0 15  0 16  1 14  2 14  3 15  4 15  5 15  6 16  7 16  8 16  9 16  10 16  11 16  12 16
0 13  0 14  0 15  0 16  1 14  2 14  3 15  4 15  5 15  6 15  7 16  8 16  9 16  10 16  11 16  12 16
0 13  0 14  1 14  2 14  3 15  4 15  5 15  6 15  7 16  8 16  9 16  10 16  11 16  12 16  14 15  14 16
0 13  0 14  0 15  0 16  1 14  2 14  3 15  4 15  5 15  6 15  7 15  8 16  9 16  10 16  11 16  12 16
0 13  0 14  1 14  2 14  3 15  4 15  5 15  6 15  7 15  8 16  9 16  10 16  11 16  12 16  14 15  14 16
0 13  0 16  1 14  2 14  3 14  4 15  5 15  6 15  7 16  8 16  9 16  10 16  11 16  12 16  14 16  15 16
0 13  0 16  1 14  2 14  3 14  4 15  5 15  6 15  7 15  8 16  9 16  10 16  11 16  12 16  14 16  15 16
0 13  0 15  1 14  2 14  3 14  4 15  5 15  6 16  7 16  8 16  9 16  10 16  11 16  12 16  14 15  15 16
0 13  0 16  1 14  2 14  3 14  4 15  5 15  6 15  7 15  8 15  9 16  10 16  11 16  12 16  14 16  15 16
0 13  0 15  1 14  2 14  3 14  4 15  5 15  6 15  7 16  8 16  9 16  10 16  11 16  12 16  14 15  15 16
0 13  0 14  0 15  0 16  1 14  2 14  3 14  4 15  5 15  6 15  7 16  8 16  9 16  10 16  11 16  12 16
0 13  0 14  0 15  0 16  1 14  2 14  3 14  4 15  5 15  6 15  7 15  8 16  9 16  10 16  11 16  12 16
0 13  0 16  1 14  2 14  3 14  4 14  5 15  6 15  7 15  8 15  9 16  10 16  11 16  12 16  14 16  15 16
0 13  0 16  1 14  2 14  3 14  4 14  5 15  6 15  7 15  8 15  9 15  10 16  11 16  12 16  14 16  15 16
0 13  0 14  0 15  0 16  1 14  2 14  3 14  4 14  5 15  6 15  7 15  8 15  9 16  10 16  11 16  12 16
0 13  0 14  0 15  0 16  1 13  2 14  3 15  4 15  5 15  6 16  7 16  8 16  9 16  10 16  11 16  12 16
0 13  0 14  0 15  0 16  1 13  2 14  3 15  4 15  5 15  6 15  7 16  8 16  9 16  10 16  11 16  12 16
0 13  0 14  0 15  0 16  1 13  2 14  3 15  4 15  5 15  6 15  7 15  8 16  9 16  10 16  11 16  12 16
0 13  1 13  2 14  3 14  4 15  5 15  6 16  7 16  8 16  9 16  10 16  11 16  12 16  13 16  14 16  15 16
0 13  1 13  2 14  3 14  4 15  5 15  6 15  7 16  8 16  9 16  10 16  11 16  12 16  13 16  14 16  15 16
0 13  1 13  2 14  3 14  4 15  5 15  6 15  7 15  8 16  9 16  10 16  11 16  12 16  13 16  14 16  15 16
0 13  1 13  2 14  3 14  4 15  5 15  6 16  7 16  8 16  9 16  10 16  11 16  12 16  13 15  14 15  15 16
0 13  1 13  2 14  3 14  4 15  5 15  6 15  7 15  8 15  9 16  10 16  11 16  12 16  13 16  14 16  15 16
0 13  1 13  2 14  3 14  4 15  5 15  6 15  7 16  8 16  9 16  10 16  11 16  12 16  13 15  14 15  15 16
0 13  0 14  0 15  0 16  1 13  2 14  3 14  4 15  5 15  6 16  7 16  8 16  9 16  10 16  11 16  12 16
0 13  0 14  0 15  0 16  1 13  2 14  3 14  4 15  5 15  6 15  7 16  8 16  9 16  10 16  11 16  12 16
0 13  0 14  0 15  0 16  1 13  2 14  3 14  4 15  5 15  6 15  7 15  8 16  9 16  10 16  11 16  12 16
0 13  1 13  2 14  3 14  4 14  5 15  6 15  7 15  8 16  9 16  10 16  11 16  12 16  13 16  14 16  15 16
0 13  1 13  2 14  3 14  4 14  5 15  6 15  7 15  8 15  9 16  10 16  11 16  12 16  13 16  14 16  15 16
0 13  1 13  2 14  3 14  4 14  5 15  6 15  7 15  8 16  9 16  10 16  11 16  12 16  13 15  14 15  15 16
0 13  1 13  2 14  3 14  4 15  5 15  6 15  7 16  8 16  9 16  10 16  11 16  12 16  13 14  13 15  13 16
0 13  1 13  2 14  3 14  4 15  5 15  6 15  7 15  8 16  9 16  10 16  11 16  12 16  13 14  13 15  13 16
0 13  0 14  0 15  0 16  1 13  2 14  3 14  4 14  5 15  6 15  7 15  8 16  9 16  10 16  11 16  12 16
0 13  0 14  0 15  0 16  1 13  2 14  3 14  4 14  5 15  6 15  7 15  8 15  9 16  10 16  11 16  12 16
0 13  1 13  2 14  3 14  4 14  5 14  6 15  7 15  8 15  9 15  10 16  11 16  12 16  13 16  14 16  15 16
0 13  1 13  2 14  3 14  4 14  5 15  6 15  7 15  8 16  9 16  10 16  11 16  12 16  13 14  13 15  13 16
0 13  0 14  0 15  0 16  1 13  2 13  3 14  4 14  5 15  6 15  7 16  8 16  9 16  10 16  11 16  12 16
0 13  0 14  0 15  0 16  1 13  2 13  3 14  4 14  5 15  6 15  7 15  8 16  9 16  10 16  11 16  12 16
0 13  0 14  0 15  0 16  1 13  2 13  3 14  4 14  5 15  6 15  7 15  8 15  9 16  10 16  11 16  12 16
0 13  1 13  2 13  3 14  4 14  5 14  6 15  7 15  8 15  9 16  10 16  11 16  12 16  13 16  14 16  15 16
0 13  1 13  2 13  3 14  4 14  5 14  6 15  7 15  8 15  9 15  10 16  11 16  12 16  13 16  14 16  15 16
0 13  0 14  0 15  0 16  1 13  2 13  3 14  4 14  5 14  6 15  7 15  8 15  9 16  10 16  11 16  12 16
0 13  1 13  2 13  3 14  4 14  5 14  6 14  7 15  8 15  9 15  10 15  11 16  12 16  13 16  14 16  15 16
0 12  0 16  1 13  1 16  2 14  2 16  3 15  3 16  4 16  5 16  6 16  7 16  8 16  9 16  10 16  11 16
0 12  0 16  1 13  1 16  2 14  2 16  3 15  4 15  5 16  6 16  7 16  8 16  9 16  10 16  11 16  15 16
0 12  0 15  1 13  1 15  2 14  2 15  3 16  4 16  5 16  6 16  7 16  8 16  9 16  10 16  11 16  15 16
0 12  0 16  1 13  1 16  2 14  2 16  3 15  4 15  5 15  6 16  7 16  8 16  9 16  10 16  11 16  15 16
0 12  0 15  1 13  1 15  2 14  2 15  3 15  4 16  5 16  6 16  7 16  8 16  9 16  10 16  11 16  15 16
0 12  0 16  1 13  1 16  2 14  2 16  3 15  4 15  5 15  6 15  7 16  8 16  9 16  10 16  11 16  15 16
0 12  0 15  1 13  1 15  2 14  2 15  3 15  4 15  5 16  6 16  7 16  8 16  9 16  10 16  11 16  15 16
0 12  0 16  1 13  1 16  2 14  2 16  3 15  4 15  5 15  6 15  7 15  8 16  9 16  10 16  11 16  15 16
0 12  0 16  1 13  1 16  2 14  2 16  3 15  4 15  5 15  6 15  7 15  8 15  9 16  10 16  11 16  15 16
0 12  0 16  1 13  1 16  2 14  3 14  4 15  5 15  6 16  7 16  8 16  9 16  10 16  11 16  14 16  15 16
0 12  0 16  1 13  1 16  2 14  3 14  4 15  5 15  6 15  7 16  8 16  9 16  10 16  11 16  14 16  15 16
0 12  0 15  1 13  1 15  2 14  3 14  4 16  5 16  6 16  7 16  8 16  9 16  10 16  11 16  14 15  15 16
0 12  0 16  1 13  1 16  2 14  3 14  4 15  5 15  6 15  7 15  8 16  9 16  10 16  11 16  14 16  15 16
0 12  0 15  1 13  1 15  2 14  3 14  4 15  5 16  6 16  7 16  8 16  9 16  10 16  11 16  14 15  15 16
0 12  0 16  1 13  1 16  2 14  3 14  4 15  5 15  6 15  7 15  8 15  9 16  10 16  11 16  14 16  15 16
0 12  0 15  1 13  1 15  2 14  3 14  4 15  5 15  6 16  7 16  8 16  9 16  10 16  11 16  14 15  15 16
0 12  0 14  1 13  1 14  2 14  3 15  4 15  5 15  6 15  7 16  8 16  9 16  10 16  11 16  14 15  14 16
0 12  0 16  1 13  1 16  2 14  3 14  4 14  5 15  6 15  7 15  8 16  9 16  10 16  11 16  14 16  15 16
0 12  0 16  1 13  1 16  2 14  3 14  4 14  5 15  6 15  7 15  8 15  9 16  10 16  11 16  14 16  15 16
0 12  0 15  1 13  1 15  2 14  3 14  4 14  5 15  6 16  7 16  8 16  9 16  10 16  11 16  14 15  15 16
0 12  0 16  1 13  1 16  2 14  3 14  4 14  5 15  6 15  7 15  8 15  9 15  10 16  11 16  14 16  15 16
0 12  0 16  1 13  1 16  2 14  3 14  4 14  5 14  6 15  7 15  8 15  9 15  10 16  11 16  14 16  15 16
0 12  0 16  1 13  2 13  3 14  4 14  5 15  6 15  7 16  8 16  9 16  10 16  11 16  13 16  14 16  15 16
0 12  0 16  1 13  2 13  3 14  4 14  5 15  6 15  7 15  8 16  9 16  10 16  11 16  13 16  14 16  15 16
0 12  0 16  1 13  2 13  3 14  4 14  5 15  6 15  7 15  8 15  9 16  10 16  11 16  13 16  14 16  15 16
0 12  0 15  1 13  2 13  3 14  4 14  5 15  6 16  7 16  8 16  9 16  10 16  11 16  13 15  14 15  15 16
0 12  0 16  1 13  2 13  3 14  4 14  5 15  6 15  7 15  8 15  9 15  10 16  11 16  13 16  14 16  15 16
0 12  0 16  1 13  2 13  3 14  4 14  5 14  6 15  7 15  8 15  9 16  10 16  11 16  13 16  14 16  15 16
0 12  0 16  1 13  2 13  3 14  4 14  5 14  6 15  7 15  8 15  9 15  10 16  11 16  13 16  14 16  15 16
0 12  0 15  1 13  2 13  3 14  4 14  5 14  6 15  7 16  8 16  9 16  10 16  11 16  13 15  14 15  15 16
0 12  0 16  1 13  2 13  3 14  4 14  5 14  6 14  7 15  8 15  9 15  10 15  11 16  13 16  14 16  15 16
0 12  0 16  1 13  2 13  3 13  4 14  5 14  6 14  7 15  8 15  9 15  10 16  11 16  13 16  14 16  15 16
0 12  0 16  1 13  2 13  3 13  4 14  5 14  6 14  7 15  8 15  9 15  10 15  11 16  13 16  14 16  15 16
0 12  1 12  2 13  3 13  4 14  5 14  6 15  7 15  8 16  9 16  10 16  11 16  12 16  13 16  14 16  15 16
0 12  1 12  2 13  3 13  4 14  5 14  6 15  7 15  8 15  9 16  10 16  11 16  12 16  13 16  14 16  15 16
0 12  1 12  2 13  3 13  4 14  5 14  6 15  7 15  8 15  9 15  10 16  11 16  12 16  13 16  14 16  15 16
0 12  1 12  2 13  3 13  4 14  5 14  6 15  7 16  8 16  9 16  10 16  11 16  12 15  13 15  14 15  15 16
0 12  1 12  2 13  3 13  4 14  5 14  6 14  7 15  8 15  9 15  10 16  11 16  12 16  13 16  14 16  15 16
0 12  1 12  2 13  3 13  4 14  5 14  6 14  7 15  8 15  9 15  10 15  11 16  12 16  13 16  14 16  15 16
0 12  1 12  2 13  3 13  4 13  5 14  6 14  7 14  8 15  9 15  10 15  11 16  12 16  13 16  14 16  15 16
0 12  1 12  2 12  3 13  4 13  5 13  6 14  7 14  8 14  9 15  10 15  11 15  12 16  13 16  14 16  15 16
0 11  0 16  1 12  1 16  2 13  2 16  3 14  3 16  4 15  4 16  5 16  6 16  7 16  8 16  9 16  10 16
0 11  0 16  1 12  1 16  2 13  2 16  3 14  3 16  4 15  5 15  6 16  7 16  8 16  9 16  10 16  15 16
0 11  0 16  1 12  1 16  2 13  2 16  3 14  3 16  4 15  5 15  6 15  7 16  8 16  9 16  10 16  15 16
0 11  0 15  1 12  1 15  2 13  2 15  3 14  3 15  4 16  5 16  6 16  7 16  8 16  9 16  10 16  15 16
0 11  0 16  1 12  1 16  2 13  2 16  3 14  3 16  4 15  5 15  6 15  7 15  8 16  9 16  10 16  15 16
0 11  0 15  1 12  1 15  2 13  2 15  3 14  3 15  4 15  5 16  6 16  7 16  8 16  9 16  10 16  15 16
0 11  0 16  1 12  1 16  2 13  2 16  3 14  3 16  4 15  5 15  6 15  7 15  8 15  9 16  10 16  15 16
0 11  0 16  1 12  1 16  2 13  2 16  3 14  4 14  5 15  6 15  7 16  8 16  9 16  10 16  14 16  15 16
0 11  0 16  1 12  1 16  2 13  2 16  3 14  4 14  5 15  6 15  7 15  8 16  9 16  10 16  14 16  15 16
0 11  0 16  1 12  1 16  2 13  2 16  3 14  4 14  5 15  6 15  7 15  8 15  9 16  10 16  14 16  15 16
0 11  0 15  1 12  1 15  2 13  2 15  3 14  4 14  5 16  6 16  7 16  8 16  9 16  10 16  14 15  15 16
0 11  0 16  1 12  1 16  2 13  2 16  3 14  4 14  5 15  6 15  7 15  8 15  9 15  10 16  14 16  15 16
0 11  0 16  1 12  1 16  2 13  2 16  3 14  4 14  5 14  6 15  7 15  8 15  9 16  10 16  14 16  15 16
0 11  0 16  1 12  1 16  2 13  2 16  3 14  4 14  5 14  6 15  7 15  8 15  9 15  10 16  14 16  15 16
0 11  0 15  1 12  1 15  2 13  2 15  3 14  4 14  5 14  6 16  7 16  8 16  9 16  10 16  14 15  15 16
0 11  0 16  1 12  1 16  2 13  2 16  3 14  4 14  5 14  6 14  7 15  8 15  9 15  10 15  14 16  15 16
0 11  0 16  1 12  1 16  2 13  3 13  4 14  5 14  6 15  7 15  8 16  9 16  10 16  13 16  14 16  15 16
0 11  0 16  1 12  1 16  2 13  3 13  4 14  5 14  6 15  7 15  8 15  9 16  10 16  13 16  14 16  15 16
0 11  0 16  1 12  1 16  2 13  3 13  4 14  5 14  6 15  7 15  8 15  9 15  10 16  13 16  14 16  15 16
0 11  0 15  1 12  1 15  2 13  3 13  4 14  5 14  6 16  7 16  8 16  9 16  10 16  13 15  14 15  15 16
0 11  0 16  1 12  1 16  2 13  3 13  4 14  5 14  6 14  7 15  8 15  9 15  10 16  13 16  14 16  15 16
0 11  0 16  1 12  1 16  2 13  3 13  4 14  5 14  6 14  7 15  8 15  9 15  10 15  13 16  14 16  15 16
0 11  0 16  1 12  1 16  2 13  3 13  4 13  5 14  6 14  7 14  8 15  9 15  10 15  13 16  14 16  15 16
0 11  0 16  1 12  2 12  3 13  4 13  5 14  6 14  7 15  8 15  9 16  10 16  12 16  13 16  14 16  15 16
0 11  0 16  1 12  2 12  3 13  4 13  5 14  6 14  7 15  8 15  9 15  10 16  12 16  13 16  14 16  15 16
0 11  0 16  1 12  2 12  3 13  4 13  5 14  6 14  7 15  8 15  9 15  10 15  12 16  13 16  14 16  15 16
0 11  0 16  1 12  2 12  3 13  4 13  5 14  6 14  7 14  8 15  9 15  10 15  12 16  13 16  14 16  15 16
0 11  1 11  2 12  3 12  4 13  5 13  6 14  7 14  8 15  9 15  10 16  11 16  12 16  13 16  14 16  15 16
0 11  1 11  2 12  3 12  4 13  5 13  6 14  7 14  8 15  9 15  10 15  11 16  12 16  13 16  14 16  15 16
0 10  0 16  1 11  1 16  2 12  2 16  3 13  3 16  4 14  4 16  5 15  5 16  6 16  7 16  8 16  9 16
0 10  0 16  1 11  1 16  2 12  2 16  3 13  3 16  4 14  4 16  5 15  6 15  7 16  8 16  9 16  15 16
0 10  0 16  1 11  1 16  2 12  2 16  3 13  3 16  4 14  4 16  5 15  6 15  7 15  8 16  9 16  15 16
0 10  0 16  1 11  1 16  2 12  2 16  3 13  3 16  4 14  4 16  5 15  6 15  7 15  8 15  9 16  15 16
0 10  0 16  1 11  1 16  2 12  2 16  3 13  3 16  4 14  4 16  5 15  6 15  7 15  8 15  9 15  15 16
0 10  0 16  1 11  1 16  2 12  2 16  3 13  3 16  4 14  5 14  6 15  7 15  8 16  9 16  14 16  15 16
0 10  0 16  1 11  1 16  2 12  2 16  3 13  3 16  4 14  5 14  6 15  7 15  8 15  9 16  14 16  15 16
0 10  0 16  1 11  1 16  2 12  2 16  3 13  3 16  4 14  5 14  6 15  7 15  8 15  9 15  14 16  15 16
0 10  0 16  1 11  1 16  2 12  2 16  3 13  3 16  4 14  5 14  6 14  7 15  8 15  9 15  14 16  15 16
0 10  0 16  1 11  1 16  2 12  2 16  3 13  4 13  5 14  6 14  7 15  8 15  9 16  13 16  14 16  15 16
0 10  0 16  1 11  1 16  2 12  2 16  3 13  4 13  5 14  6 14  7 15  8 15  9 15  13 16  14 16  15 16
0 10  0 16  1 11  1 16  2 12  3 12  4 13  5 13  6 14  7 14  8 15  9 15  12 16  13 16  14 16  15 16
0 9  0 16  1 10  1 16  2 11  2 16  3 12  3 16  4 13  4 16  5 14  5 16  6 15  6 16  7 16  8 16
0 9  0 16  1 10  1 16  2 11  2 16  3 12  3 16  4 13  4 16  5 14  5 16  6 15  7 15  8 16  15 16
0 9  0 16  1 10  1 16  2 11  2 16  3 12  3 16  4 13  4 16  5 14  5 16  6 15  7 15  8 15  15 16
0 9  0 16  1 10  1 16  2 11  2 16  3 12  3 16  4 13  4 16  5 14  6 14  7 15  8 15  14 16  15 16
0 8  0 16  1 9  1 16  2 10  2 16  3 11  3 16  4 12  4 16  5 13  5 16  6 14  6 16  7 15  7 16
