0 1  0 12  1 2  2 3  3 4  4 5  5 6  6 7  7 8  7 9  7 10  7 11  12 13  13 14  14 15  15 16  16 17  17 18  18 19
0 1  0 12  1 2  2 3  3 4  4 5  5 6  6 7  6 11  7 8  7 9  7 10  12 13  13 14  14 15  15 16  16 17  17 18  18 19
0 1  0 12  1 2  2 3  3 4  4 5  5 6  5 11  6 7  7 8  7 9  7 10  12 13  13 14  14 15  15 16  16 17  17 18  18 19
0 1  0 12  1 2  2 3  3 4  4 5  4 11  5 6  6 7  7 8  7 9  7 10  12 13  13 14  14 15  15 16  16 17  17 18  18 19
0 1  0 12  1 2  2 3  3 4  3 11  4 5  5 6  6 7  7 8  7 9  7 10  12 13  13 14  14 15  15 16  16 17  17 18  18 19
0 1  0 12  1 2  2 3  2 11  3 4  4 5  5 6  6 7  7 8  7 9  7 10  12 13  13 14  14 15  15 16  16 17  17 18  18 19
0 1  0 12  1 2  1 11  2 3  3 4  4 5  5 6  6 7  7 8  7 9  7 10  12 13  13 14  14 15  15 16  16 17  17 18  18 19
0 1  0 11  1 2  2 3  3 4  4 5  5 6  6 7  7 8  7 9  7 10  11 12  12 13  13 14  14 15  15 16  16 17  17 18  17 19
0 1  0 11  1 2  2 3  3 4  4 5  5 6  6 7  7 8  7 9  7 10  11 12  12 13  13 14  14 15  15 16  16 17  16 19  17 18
0 1  0 11  1 2  2 3  3 4  4 5  5 6  6 7  7 8  7 9  7 10  11 12  12 13  13 14  14 15  15 16  15 19  16 17  17 18
0 1  0 11  1 2  2 3  3 4  4 5  5 6  6 7  7 8  7 9  7 10  11 12  12 13  13 14  14 15  14 19  15 16  16 17  17 18
0 1  0 11  1 2  2 3  3 4  4 5  5 6  6 7  7 8  7 9  7 10  11 12  12 13  13 14  13 19  14 15  15 16  16 17  17 18
0 1  0 11  1 2  2 3  3 4  4 5  5 6  6 7  7 8  7 9  7 10  11 12  12 13  12 19  13 14  14 15  15 16  16 17  17 18
0 1  0 11  1 2  2 3  3 4  4 5  5 6  6 7  7 8  7 9  7 10  11 12  11 19  12 13  13 14  14 15  15 16  16 17  17 18
0 1  0 11  0 19  1 2  2 3  3 4  4 5  5 6  6 7  7 8  7 9  7 10  11 12  12 13  13 14  14 15  15 16  16 17  17 18
0 1  0 12  1 2  2 3  3 4  4 5  5 6  6 7  6 10  7 8  7 9  10 11  12 13  13 14  14 15  15 16  16 17  17 18  18 19
0 1  0 12  1 2  2 3  3 4  4 5  5 6  6 7  6 10  6 11  7 8  7 9  12 13  13 14  14 15  15 16  16 17  17 18  18 19
0 1  0 12  1 2  2 3  3 4  4 5  5 6  5 11  6 7  6 10  7 8  7 9  12 13  13 14  14 15  15 16  16 17  17 18  18 19
0 1  0 12  1 2  2 3  3 4  4 5  4 11  5 6  6 7  6 10  7 8  7 9  12 13  13 14  14 15  15 16  16 17  17 18  18 19
0 1  0 12  1 2  2 3  3 4  3 11  4 5  5 6  6 7  6 10  7 8  7 9  12 13  13 14  14 15  15 16  16 17  17 18  18 19
0 1  0 12  1 2  2 3  2 11  3 4  4 5  5 6  6 7  6 10  7 8  7 9  12 13  13 14  14 15  15 16  16 17  17 18  18 19
0 1  0 12  1 2  1 11  2 3  3 4  4 5  5 6  6 7  6 10  7 8  7 9  12 13  13 14  14 15  15 16  16 17  17 18  18 19
0 1  0 11  1 2  2 3  3 4  4 5  5 6  6 7  6 10  7 8  7 9  11 12  12 13  13 14  14 15  15 16  16 17  17 18  17 19
0 1  0 11  1 2  2 3  3 4  4 5  5 6  6 7  6 10  7 8  7 9  11 12  12 13  13 14  14 15  15 16  16 17  16 19  17 18
0 1  0 11  1 2  2 3  3 4  4 5  5 6  6 7  6 10  7 8  7 9  11 12  12 13  13 14  14 15  15 16  15 19  16 17  17 18
0 1  0 11  1 2  2 3  3 4  4 5  5 6  6 7  6 10  7 8  7 9  11 12  12 13  13 14  14 15  14 19  15 16  16 17  17 18
0 1  0 11  1 2  2 3  3 4  4 5  5 6  6 7  6 10  7 8  7 9  11 12  12 13  13 14  13 19  14 15  15 16  16 17  17 18
0 1  0 11  1 2  2 3  3 4  4 5  5 6  6 7  6 10  7 8  7 9  11 12  12 13  12 19  13 14  14 15  15 16  16 17  17 18
0 1  0 11  1 2  2 3  3 4  4 5  5 6  6 7  6 10  7 8  7 9  11 12  11 19  12 13  13 14  14 15  15 16  16 17  17 18
0 1  0 11  0 19  1 2  2 3  3 4  4 5  5 6  6 7  6 10  7 8  7 9  11 12  12 13  13 14  14 15  15 16  16 17  17 18
0 1  0 12  1 2  2 3  3 4  4 5  5 6  5 10  6 7  7 8  7 9  10 11  12 13  13 14  14 15  15 16  16 17  17 18  18 19
0 1  0 12  1 2  2 3  3 4  4 5  5 6  5 10  5 11  6 7  7 8  7 9  12 13  13 14  14 15  15 16  16 17  17 18  18 19
0 1  0 12  1 2  2 3  3 4  4 5  4 11  5 6  5 10  6 7  7 8  7 9  12 13  13 14  14 15  15 16  16 17  17 18  18 19
0 1  0 12  1 2  2 3  3 4  3 11  4 5  5 6  5 10  6 7  7 8  7 9  12 13  13 14  14 15  15 16  16 17  17 18  18 19
0 1  0 12  1 2  2 3  2 11  3 4  4 5  5 6  5 10  6 7  7 8  7 9  12 13  13 14  14 15  15 16  16 17  17 18  18 19
0 1  0 12  1 2  1 11  2 3  3 4  4 5  5 6  5 10  6 7  7 8  7 9  12 13  13 14  14 15  15 16  16 17  17 18  18 19
0 1  0 11  1 2  2 3  3 4  4 5  5 6  5 10  6 7  7 8  7 9  11 12  12 13  13 14  14 15  15 16  16 17  17 18  17 19
0 1  0 11  1 2  2 3  3 4  4 5  5 6  5 10  6 7  7 8  7 9  11 12  12 13  13 14  14 15  15 16  16 17  16 19  17 18
0 1  0 11  1 2  2 3  3 4  4 5  5 6  5 10  6 7  7 8  7 9  11 12  12 13  13 14  14 15  15 16  15 19  16 17  17 18
0 1  0 11  1 2  2 3  3 4  4 5  5 6  5 10  6 7  7 8  7 9  11 12  12 13  13 14  14 15  14 19  15 16  16 17  17 18
0 1  0 11  1 2  2 3  3 4  4 5  5 6  5 10  6 7  7 8  7 9  11 12  12 13  13 14  13 19  14 15  15 16  16 17  17 18
0 1  0 11  1 2  2 3  3 4  4 5  5 6  5 10  6 7  7 8  7 9  11 12  12 13  12 19  13 14  14 15  15 16  16 17  17 18
0 1  0 11  1 2  2 3  3 4  4 5  5 6  5 10  6 7  7 8  7 9  11 12  11 19  12 13  13 14  14 15  15 16  16 17  17 18
0 1  0 11  0 19  1 2  2 3  3 4  4 5  5 6  5 10  6 7  7 8  7 9  11 12  12 13  13 14  14 15  15 16  16 17  17 18
0 1  0 12  1 2  2 3  3 4  4 5  4 10  5 6  6 7  7 8  7 9  10 11  12 13  13 14  14 15  15 16  16 17  17 18  18 19
0 1  0 12  1 2  2 3  3 4  4 5  4 10  4 11  5 6  6 7  7 8  7 9  12 13  13 14  14 15  15 16  16 17  17 18  18 19
0 1  0 12  1 2  2 3  3 4  3 11  4 5  4 10  5 6  6 7  7 8  7 9  12 13  13 14  14 15  15 16  16 17  17 18  18 19
0 1  0 12  1 2  2 3  2 11  3 4  4 5  4 10  5 6  6 7  7 8  7 9  12 13  13 14  14 15  15 16  16 17  17 18  18 19
0 1  0 12  1 2  1 11  2 3  3 4  4 5  4 10  5 6  6 7  7 8  7 9  12 13  13 14  14 15  15 16  16 17  17 18  18 19
0 1  0 11  1 2  2 3  3 4  4 5  4 10  5 6  6 7  7 8  7 9  11 12  12 13  13 14  14 15  15 16  16 17  17 18  17 19
0 1  0 11  1 2  2 3  3 4  4 5  4 10  5 6  6 7  7 8  7 9  11 12  12 13  13 14  14 15  15 16  16 17  16 19  17 18
0 1  0 11  1 2  2 3  3 4  4 5  4 10  5 6  6 7  7 8  7 9  11 12  12 13  13 14  14 15  15 16  15 19  16 17  17 18
0 1  0 11  1 2  2 3  3 4  4 5  4 10  5 6  6 7  7 8  7 9  11 12  12 13  13 14  14 15  14 19  15 16  16 17  17 18
0 1  0 11  1 2  2 3  3 4  4 5  4 10  5 6  6 7  7 8  7 9  11 12  12 13  13 14  13 19  14 15  15 16  16 17  17 18
0 1  0 11  1 2  2 3  3 4  4 5  4 10  5 6  6 7  7 8  7 9  11 12  12 13  12 19  13 14  14 15  15 16  16 17  17 18
0 1  0 11  1 2  2 3  3 4  4 5  4 10  5 6  6 7  7 8  7 9  11 12  11 19  12 13  13 14  14 15  15 16  16 17  17 18
0 1  0 11  0 19  1 2  2 3  3 4  4 5  4 10  5 6  6 7  7 8  7 9  11 12  12 13  13 14  14 15  15 16  16 17  17 18
0 1  0 12  1 2  2 3  3 4  3 10  4 5  5 6  6 7  7 8  7 9  10 11  12 13  13 14  14 15  15 16  16 17  17 18  18 19
0 1  0 12  1 2  2 3  3 4  3 10  3 11  4 5  5 6  6 7  7 8  7 9  12 13  13 14  14 15  15 16  16 17  17 18  18 19
0 1  0 12  1 2  2 3  2 11  3 4  3 10  4 5  5 6  6 7  7 8  7 9  12 13  13 14  14 15  15 16  16 17  17 18  18 19
0 1  0 12  1 2  1 11  2 3  3 4  3 10  4 5  5 6  6 7  7 8  7 9  12 13  13 14  14 15  15 16  16 17  17 18  18 19
0 1  0 11  1 2  2 3  3 4  3 10  4 5  5 6  6 7  7 8  7 9  11 12  12 13  13 14  14 15  15 16  16 17  17 18  17 19
0 1  0 11  1 2  2 3  3 4  3 10  4 5  5 6  6 7  7 8  7 9  11 12  12 13  13 14  14 15  15 16  16 17  16 19  17 18
0 1  0 11  1 2  2 3  3 4  3 10  4 5  5 6  6 7  7 8  7 9  11 12  12 13  13 14  14 15  15 16  15 19  16 17  17 18
0 1  0 11  1 2  2 3  3 4  3 10  4 5  5 6  6 7  7 8  7 9  11 12  12 13  13 14  14 15  14 19  15 16  16 17  17 18
0 1  0 11  1 2  2 3  3 4  3 10  4 5  5 6  6 7  7 8  7 9  11 12  12 13  13 14  13 19  14 15  15 16  16 17  17 18
0 1  0 11  1 2  2 3  3 4  3 10  4 5  5 6  6 7  7 8  7 9  11 12  12 13  12 19  13 14  14 15  15 16  16 17  17 18
0 1  0 11  1 2  2 3  3 4  3 10  4 5  5 6  6 7  7 8  7 9  11 12  11 19  12 13  13 14  14 15  15 16  16 17  17 18
0 1  0 11  0 19  1 2  2 3  3 4  3 10  4 5  5 6  6 7  7 8  7 9  11 12  12 13  13 14  14 15  15 16  16 17  17 18
0 1  0 12  1 2  2 3  2 10  3 4  4 5  5 6  6 7  7 8  7 9  10 11  12 13  13 14  14 15  15 16  16 17  17 18  18 19
0 1  0 12  1 2  2 3  2 10  2 11  3 4  4 5  5 6  6 7  7 8  7 9  12 13  13 14  14 15  15 16  16 17  17 18  18 19
0 1  0 12  1 2  1 11  2 3  2 10  3 4  4 5  5 6  6 7  7 8  7 9  12 13  13 14  14 15  15 16  16 17  17 18  18 19
0 1  0 11  1 2  2 3  2 10  3 4  4 5  5 6  6 7  7 8  7 9  11 12  12 13  13 14  14 15  15 16  16 17  17 18  17 19
0 1  0 11  1 2  2 3  2 10  3 4  4 5  5 6  6 7  7 8  7 9  11 12  12 13  13 14  14 15  15 16  16 17  16 19  17 18
0 1  0 11  1 2  2 3  2 10  3 4  4 5  5 6  6 7  7 8  7 9  11 12  12 13  13 14  14 15  15 16  15 19  16 17  17 18
0 1  0 11  1 2  2 3  2 10  3 4  4 5  5 6  6 7  7 8  7 9  11 12  12 13  13 14  14 15  14 19  15 16  16 17  17 18
0 1  0 11  1 2  2 3  2 10  3 4  4 5  5 6  6 7  7 8  7 9  11 12  12 13  13 14  13 19  14 15  15 16  16 17  17 18
0 1  0 11  1 2  2 3  2 10  3 4  4 5  5 6  6 7  7 8  7 9  11 12  12 13  12 19  13 14  14 15  15 16  16 17  17 18
0 1  0 11  1 2  2 3  2 10  3 4  4 5  5 6  6 7  7 8  7 9  11 12  11 19  12 13  13 14  14 15  15 16  16 17  17 18
0 1  0 11  0 19  1 2  2 3  2 10  3 4  4 5  5 6  6 7  7 8  7 9  11 12  12 13  13 14  14 15  15 16  16 17  17 18
0 1  0 12  1 2  1 10  2 3  3 4  4 5  5 6  6 7  7 8  7 9  10 11  12 13  13 14  14 15  15 16  16 17  17 18  18 19
0 1  0 12  1 2  1 10  1 11  2 3  3 4  4 5  5 6  6 7  7 8  7 9  12 13  13 14  14 15  15 16  16 17  17 18  18 19
0 1  0 11  1 2  1 10  2 3  3 4  4 5  5 6  6 7  7 8  7 9  11 12  12 13  13 14  14 15  15 16  16 17  17 18  17 19
0 1  0 11  1 2  1 10  2 3  3 4  4 5  5 6  6 7  7 8  7 9  11 12  12 13  13 14  14 15  15 16  16 17  16 19  17 18
0 1  0 11  1 2  1 10  2 3  3 4  4 5  5 6  6 7  7 8  7 9  11 12  12 13  13 14  14 15  15 16  15 19  16 17  17 18
0 1  0 11  1 2  1 10  2 3  3 4  4 5  5 6  6 7  7 8  7 9  11 12  12 13  13 14  14 15  14 19  15 16  16 17  17 18
0 1  0 11  1 2  1 10  2 3  3 4  4 5  5 6  6 7  7 8  7 9  11 12  12 13  13 14  13 19  14 15  15 16  16 17  17 18
0 1  0 11  1 2  1 10  2 3  3 4  4 5  5 6  6 7  7 8  7 9  11 12  12 13  12 19  13 14  14 15  15 16  16 17  17 18
0 1  0 11  1 2  1 10  2 3  3 4  4 5  5 6  6 7  7 8  7 9  11 12  11 19  12 13  13 14  14 15  15 16  16 17  17 18
0 1  0 11  0 19  1 2  1 10  2 3  3 4  4 5  5 6  6 7  7 8  7 9  11 12  12 13  13 14  14 15  15 16  16 17  17 18
0 1  0 10  0 19  1 2  2 3  3 4  4 5  5 6  6 7  7 8  7 9  10 11  11 12  12 13  13 14  14 15  15 16  16 17  16 18
0 1  0 10  1 2  2 3  3 4  4 5  5 6  6 7  7 8  7 9  10 11  11 12  12 13  13 14  14 15  15 16  15 18  16 17  18 19
0 1  0 10  1 2  2 3  3 4  4 5  5 6  6 7  7 8  7 9  10 11  11 12  12 13  13 14  14 15  15 16  15 18  15 19  16 17
0 1  0 10  1 2  2 3  3 4  4 5  5 6  6 7  7 8  7 9  10 11  11 12  12 13  13 14  14 15  14 19  15 16  15 18  16 17
0 1  0 10  1 2  2 3  3 4  4 5  5 6  6 7  7 8  7 9  10 11  11 12  12 13  13 14  13 19  14 15  15 16  15 18  16 17
0 1  0 10  1 2  2 3  3 4  4 5  5 6  6 7  7 8  7 9  10 11  11 12  12 13  12 19  13 14  14 15  15 16  15 18  16 17
0 1  0 10  1 2  2 3  3 4  4 5  5 6  6 7  7 8  7 9  10 11  11 12  11 19  12 13  13 14  14 15  15 16  15 18  16 17
0 1  0 10  1 2  2 3  3 4  4 5  5 6  6 7  7 8  7 9  10 11  10 19  11 12  12 13  13 14  14 15  15 16  15 18  16 17
0 1  0 10  0 19  1 2  2 3  3 4  4 5  5 6  6 7  7 8  7 9  10 11  11 12  12 13  13 14  14 15  15 16  15 18  16 17
0 1  0 10  1 2  2 3  3 4  4 5  5 6  6 7  7 8  7 9  10 11  11 12  12 13  13 14  14 15  14 18  15 16  16 17  18 19
0 1  0 10  1 2  2 3  3 4  4 5  5 6  6 7  7 8  7 9  10 11  11 12  12 13  13 14  14 15  14 18  14 19  15 16  16 17
0 1  0 10  1 2  2 3  3 4  4 5  5 6  6 7  7 8  7 9  10 11  11 12  12 13  13 14  13 19  14 15  14 18  15 16  16 17
0 1  0 10  1 2  2 3  3 4  4 5  5 6  6 7  7 8  7 9  10 11  11 12  12 13  12 19  13 14  14 15  14 18  15 16  16 17
0 1  0 10  1 2  2 3  3 4  4 5  5 6  6 7  7 8  7 9  10 11  11 12  11 19  12 13  13 14  14 15  14 18  15 16  16 17
0 1  0 10  1 2  2 3  3 4  4 5  5 6  6 7  7 8  7 9  10 11  10 19  11 12  12 13  13 14  14 15  14 18  15 16  16 17
0 1  0 10  0 19  1 2  2 3  3 4  4 5  5 6  6 7  7 8  7 9  10 11  11 12  12 13  13 14  14 15  14 18  15 16  16 17
0 1  0 10  1 2  2 3  3 4  4 5  5 6  6 7  7 8  7 9  10 11  11 12  12 13  13 14  13 18  14 15  15 16  16 17  18 19
0 1  0 10  1 2  2 3  3 4  4 5  5 6  6 7  7 8  7 9  10 11  11 12  12 13  13 14  13 18  13 19  14 15  15 16  16 17
0 1  0 10  1 2  2 3  3 4  4 5  5 6  6 7  7 8  7 9  10 11  11 12  12 13  12 19  13 14  13 18  14 15  15 16  16 17
0 1  0 10  1 2  2 3  3 4  4 5  5 6  6 7  7 8  7 9  10 11  11 12  11 19  12 13  13 14  13 18  14 15  15 16  16 17
0 1  0 10  1 2  2 3  3 4  4 5  5 6  6 7  7 8  7 9  10 11  10 19  11 12  12 13  13 14  13 18  14 15  15 16  16 17
0 1  0 10  0 19  1 2  2 3  3 4  4 5  5 6  6 7  7 8  7 9  10 11  11 12  12 13  13 14  13 18  14 15  15 16  16 17
0 1  0 10  1 2  2 3  3 4  4 5  5 6  6 7  7 8  7 9  10 11  11 12  12 13  12 18  13 14  14 15  15 16  16 17  18 19
0 1  0 10  1 2  2 3  3 4  4 5  5 6  6 7  7 8  7 9  10 11  11 12  12 13  12 18  12 19  13 14  14 15  15 16  16 17
0 1  0 10  1 2  2 3  3 4  4 5  5 6  6 7  7 8  7 9  10 11  11 12  11 19  12 13  12 18  13 14  14 15  15 16  16 17
0 1  0 10  1 2  2 3  3 4  4 5  5 6  6 7  7 8  7 9  10 11  10 19  11 12  12 13  12 18  13 14  14 15  15 16  16 17
0 1  0 10  0 19  1 2  2 3  3 4  4 5  5 6  6 7  7 8  7 9  10 11  11 12  12 13  12 18  13 14  14 15  15 16  16 17
0 1  0 10  1 2  2 3  3 4  4 5  5 6  6 7  7 8  7 9  10 11  11 12  11 18  12 13  13 14  14 15  15 16  16 17  18 19
0 1  0 10  1 2  2 3  3 4  4 5  5 6  6 7  7 8  7 9  10 11  11 12  11 18  11 19  12 13  13 14  14 15  15 16  16 17
0 1  0 10  1 2  2 3  3 4  4 5  5 6  6 7  7 8  7 9  10 11  10 19  11 12  11 18  12 13  13 14  14 15  15 16  16 17
0 1  0 10  0 19  1 2  2 3  3 4  4 5  5 6  6 7  7 8  7 9  10 11  11 12  11 18  12 13  13 14  14 15  15 16  16 17
0 1  0 10  1 2  2 3  3 4  4 5  5 6  6 7  7 8  7 9  10 11  10 18  11 12  12 13  13 14  14 15  15 16  16 17  18 19
0 1  0 10  1 2  2 3  3 4  4 5  5 6  6 7  7 8  7 9  10 11  10 18  10 19  11 12  12 13  13 14  14 15  15 16  16 17
0 1  0 10  0 19  1 2  2 3  3 4  4 5  5 6  6 7  7 8  7 9  10 11  10 18  11 12  12 13  13 14  14 15  15 16  16 17
0 1  0 10  0 18  1 2  2 3  3 4  4 5  5 6  6 7  7 8  7 9  10 11  11 12  12 13  13 14  14 15  15 16  16 17  18 19
0 1  0 10  0 18  0 19  1 2  2 3  3 4  4 5  5 6  6 7  7 8  7 9  10 11  11 12  12 13  13 14  14 15  15 16  16 17
0 1  0 12  1 2  2 3  3 4  4 5  5 6  6 7  6 9  6 11  7 8  9 10  12 13  13 14  14 15  15 16  16 17  17 18  18 19
0 1  0 12  1 2  2 3  3 4  4 5  5 6  5 11  6 7  6 9  7 8  9 10  12 13  13 14  14 15  15 16  16 17  17 18  18 19
0 1  0 12  1 2  2 3  3 4  4 5  4 11  5 6  6 7  6 9  7 8  9 10  12 13  13 14  14 15  15 16  16 17  17 18  18 19
0 1  0 12  1 2  2 3  3 4  3 11  4 5  5 6  6 7  6 9  7 8  9 10  12 13  13 14  14 15  15 16  16 17  17 18  18 19
0 1  0 12  1 2  2 3  2 11  3 4  4 5  5 6  6 7  6 9  7 8  9 10  12 13  13 14  14 15  15 16  16 17  17 18  18 19
0 1  0 12  1 2  1 11  2 3  3 4  4 5  5 6  6 7  6 9  7 8  9 10  12 13  13 14  14 15  15 16  16 17  17 18  18 19
0 1  0 11  1 2  2 3  3 4  4 5  5 6  6 7  6 9  7 8  9 10  11 12  12 13  13 14  14 15  15 16  16 17  16 19  17 18
0 1  0 11  1 2  2 3  3 4  4 5  5 6  6 7  6 9  7 8  9 10  11 12  12 13  13 14  14 15  15 16  15 19  16 17  17 18
0 1  0 11  1 2  2 3  3 4  4 5  5 6  6 7  6 9  7 8  9 10  11 12  12 13  13 14  14 15  14 19  15 16  16 17  17 18
0 1  0 11  1 2  2 3  3 4  4 5  5 6  6 7  6 9  7 8  9 10  11 12  12 13  13 14  13 19  14 15  15 16  16 17  17 18
0 1  0 11  1 2  2 3  3 4  4 5  5 6  6 7  6 9  7 8  9 10  11 12  12 13  12 19  13 14  14 15  15 16  16 17  17 18
0 1  0 11  1 2  2 3  3 4  4 5  5 6  6 7  6 9  7 8  9 10  11 12  11 19  12 13  13 14  14 15  15 16  16 17  17 18
0 1  0 11  0 19  1 2  2 3  3 4  4 5  5 6  6 7  6 9  7 8  9 10  11 12  12 13  13 14  14 15  15 16  16 17  17 18
0 1  0 12  1 2  2 3  3 4  4 5  5 6  6 7  6 9  6 10  6 11  7 8  12 13  13 14  14 15  15 16  16 17  17 18  18 19
0 1  0 12  1 2  2 3  3 4  4 5  5 6  5 11  6 7  6 9  6 10  7 8  12 13  13 14  14 15  15 16  16 17  17 18  18 19
0 1  0 12  1 2  2 3  3 4  4 5  4 11  5 6  6 7  6 9  6 10  7 8  12 13  13 14  14 15  15 16  16 17  17 18  18 19
0 1  0 12  1 2  2 3  3 4  3 11  4 5  5 6  6 7  6 9  6 10  7 8  12 13  13 14  14 15  15 16  16 17  17 18  18 19
0 1  0 12  1 2  2 3  2 11  3 4  4 5  5 6  6 7  6 9  6 10  7 8  12 13  13 14  14 15  15 16  16 17  17 18  18 19
0 1  0 12  1 2  1 11  2 3  3 4  4 5  5 6  6 7  6 9  6 10  7 8  12 13  13 14  14 15  15 16  16 17  17 18  18 19
0 1  0 11  1 2  2 3  3 4  4 5  5 6  6 7  6 9  6 10  7 8  11 12  12 13  13 14  14 15  15 16  16 17  16 19  17 18
0 1  0 11  1 2  2 3  3 4  4 5  5 6  6 7  6 9  6 10  7 8  11 12  12 13  13 14  14 15  15 16  15 19  16 17  17 18
0 1  0 11  1 2  2 3  3 4  4 5  5 6  6 7  6 9  6 10  7 8  11 12  12 13  13 14  14 15  14 19  15 16  16 17  17 18
0 1  0 11  1 2  2 3  3 4  4 5  5 6  6 7  6 9  6 10  7 8  11 12  12 13  13 14  13 19  14 15  15 16  16 17  17 18
0 1  0 11  1 2  2 3  3 4  4 5  5 6  6 7  6 9  6 10  7 8  11 12  12 13  12 19  13 14  14 15  15 16  16 17  17 18
0 1  0 11  1 2  2 3  3 4  4 5  5 6  6 7  6 9  6 10  7 8  11 12  11 19  12 13  13 14  14 15  15 16  16 17  17 18
0 1  0 11  0 19  1 2  2 3  3 4  4 5  5 6  6 7  6 9  6 10  7 8  11 12  12 13  13 14  14 15  15 16  16 17  17 18
0 1  0 12  1 2  2 3  3 4  4 5  5 6  5 10  6 7  6 9  7 8  10 11  12 13  13 14  14 15  15 16  16 17  17 18  18 19
0 1  0 12  1 2  2 3  3 4  4 5  5 6  5 10  5 11  6 7  6 9  7 8  12 13  13 14  14 15  15 16  16 17  17 18  18 19
0 1  0 12  1 2  2 3  3 4  4 5  4 11  5 6  5 10  6 7  6 9  7 8  12 13  13 14  14 15  15 16  16 17  17 18  18 19
0 1  0 12  1 2  2 3  3 4  3 11  4 5  5 6  5 10  6 7  6 9  7 8  12 13  13 14  14 15  15 16  16 17  17 18  18 19
0 1  0 12  1 2  2 3  2 11  3 4  4 5  5 6  5 10  6 7  6 9  7 8  12 13  13 14  14 15  15 16  16 17  17 18  18 19
0 1  0 12  1 2  1 11  2 3  3 4  4 5  5 6  5 10  6 7  6 9  7 8  12 13  13 14  14 15  15 16  16 17  17 18  18 19
0 1  0 11  1 2  2 3  3 4  4 5  5 6  5 10  6 7  6 9  7 8  11 12  12 13  13 14  14 15  15 16  16 17  16 19  17 18
0 1  0 11  1 2  2 3  3 4  4 5  5 6  5 10  6 7  6 9  7 8  11 12  12 13  13 14  14 15  15 16  15 19  16 17  17 18
0 1  0 11  1 2  2 3  3 4  4 5  5 6  5 10  6 7  6 9  7 8  11 12  12 13  13 14  14 15  14 19  15 16  16 17  17 18
0 1  0 11  1 2  2 3  3 4  4 5  5 6  5 10  6 7  6 9  7 8  11 12  12 13  13 14  13 19  14 15  15 16  16 17  17 18
0 1  0 11  1 2  2 3  3 4  4 5  5 6  5 10  6 7  6 9  7 8  11 12  12 13  12 19  13 14  14 15  15 16  16 17  17 18
0 1  0 11  1 2  2 3  3 4  4 5  5 6  5 10  6 7  6 9  7 8  11 12  11 19  12 13  13 14  14 15  15 16  16 17  17 18
0 1  0 11  0 19  1 2  2 3  3 4  4 5  5 6  5 10  6 7  6 9  7 8  11 12  12 13  13 14  14 15  15 16  16 17  17 18
0 1  0 12  1 2  2 3  3 4  4 5  4 10  5 6  6 7  6 9  7 8  10 11  12 13  13 14  14 15  15 16  16 17  17 18  18 19
0 1  0 12  1 2  2 3  3 4  4 5  4 10  4 11  5 6  6 7  6 9  7 8  12 13  13 14  14 15  15 16  16 17  17 18  18 19
0 1  0 12  1 2  2 3  3 4  3 11  4 5  4 10  5 6  6 7  6 9  7 8  12 13  13 14  14 15  15 16  16 17  17 18  18 19
0 1  0 12  1 2  2 3  2 11  3 4  4 5  4 10  5 6  6 7  6 9  7 8  12 13  13 14  14 15  15 16  16 17  17 18  18 19
0 1  0 12  1 2  1 11  2 3  3 4  4 5  4 10  5 6  6 7  6 9  7 8  12 13  13 14  14 15  15 16  16 17  17 18  18 19
0 1  0 11  1 2  2 3  3 4  4 5  4 10  5 6  6 7  6 9  7 8  11 12  12 13  13 14  14 15  15 16  16 17  16 19  17 18
0 1  0 11  1 2  2 3  3 4  4 5  4 10  5 6  6 7  6 9  7 8  11 12  12 13  13 14  14 15  15 16  15 19  16 17  17 18
0 1  0 11  1 2  2 3  3 4  4 5  4 10  5 6  6 7  6 9  7 8  11 12  12 13  13 14  14 15  14 19  15 16  16 17  17 18
0 1  0 11  1 2  2 3  3 4  4 5  4 10  5 6  6 7  6 9  7 8  11 12  12 13  13 14  13 19  14 15  15 16  16 17  17 18
0 1  0 11  1 2  2 3  3 4  4 5  4 10  5 6  6 7  6 9  7 8  11 12  12 13  12 19  13 14  14 15  15 16  16 17  17 18
0 1  0 11  1 2  2 3  3 4  4 5  4 10  5 6  6 7  6 9  7 8  11 12  11 19  12 13  13 14  14 15  15 16  16 17  17 18
0 1  0 11  0 19  1 2  2 3  3 4  4 5  4 10  5 6  6 7  6 9  7 8  11 12  12 13  13 14  14 15  15 16  16 17  17 18
0 1  0 12  1 2  2 3  3 4  3 10  4 5  5 6  6 7  6 9  7 8  10 11  12 13  13 14  14 15  15 16  16 17  17 18  18 19
0 1  0 12  1 2  2 3  3 4  3 10  3 11  4 5  5 6  6 7  6 9  7 8  12 13  13 14  14 15  15 16  16 17  17 18  18 19
0 1  0 12  1 2  2 3  2 11  3 4  3 10  4 5  5 6  6 7  6 9  7 8  12 13  13 14  14 15  15 16  16 17  17 18  18 19
0 1  0 12  1 2  1 11  2 3  3 4  3 10  4 5  5 6  6 7  6 9  7 8  12 13  13 14  14 15  15 16  16 17  17 18  18 19
0 1  0 11  1 2  2 3  3 4  3 10  4 5  5 6  6 7  6 9  7 8  11 12  12 13  13 14  14 15  15 16  16 17  16 19  17 18
0 1  0 11  1 2  2 3  3 4  3 10  4 5  5 6  6 7  6 9  7 8  11 12  12 13  13 14  14 15  15 16  15 19  16 17  17 18
0 1  0 11  1 2  2 3  3 4  3 10  4 5  5 6  6 7  6 9  7 8  11 12  12 13  13 14  14 15  14 19  15 16  16 17  17 18
0 1  0 11  1 2  2 3  3 4  3 10  4 5  5 6  6 7  6 9  7 8  11 12  12 13  13 14  13 19  14 15  15 16  16 17  17 18
0 1  0 11  1 2  2 3  3 4  3 10  4 5  5 6  6 7  6 9  7 8  11 12  12 13  12 19  13 14  14 15  15 16  16 17  17 18
0 1  0 11  1 2  2 3  3 4  3 10  4 5  5 6  6 7  6 9  7 8  11 12  11 19  12 13  13 14  14 15  15 16  16 17  17 18
0 1  0 11  0 19  1 2  2 3  3 4  3 10  4 5  5 6  6 7  6 9  7 8  11 12  12 13  13 14  14 15  15 16  16 17  17 18
0 1  0 12  1 2  2 3  2 10  3 4  4 5  5 6  6 7  6 9  7 8  10 11  12 13  13 14  14 15  15 16  16 17  17 18  18 19
0 1  0 12  1 2  2 3  2 10  2 11  3 4  4 5  5 6  6 7  6 9  7 8  12 13  13 14  14 15  15 16  16 17  17 18  18 19
0 1  0 12  1 2  1 11  2 3  2 10  3 4  4 5  5 6  6 7  6 9  7 8  12 13  13 14  14 15  15 16  16 17  17 18  18 19
0 1  0 11  1 2  2 3  2 10  3 4  4 5  5 6  6 7  6 9  7 8  11 12  12 13  13 14  14 15  15 16  16 17  16 19  17 18
0 1  0 11  1 2  2 3  2 10  3 4  4 5  5 6  6 7  6 9  7 8  11 12  12 13  13 14  14 15  15 16  15 19  16 17  17 18
0 1  0 11  1 2  2 3  2 10  3 4  4 5  5 6  6 7  6 9  7 8  11 12  12 13  13 14  14 15  14 19  15 16  16 17  17 18
0 1  0 11  1 2  2 3  2 10  3 4  4 5  5 6  6 7  6 9  7 8  11 12  12 13  13 14  13 19  14 15  15 16  16 17  17 18
0 1  0 11  1 2  2 3  2 10  3 4  4 5  5 6  6 7  6 9  7 8  11 12  12 13  12 19  13 14  14 15  15 16  16 17  17 18
0 1  0 11  1 2  2 3  2 10  3 4  4 5  5 6  6 7  6 9  7 8  11 12  11 19  12 13  13 14  14 15  15 16  16 17  17 18
0 1  0 11  0 19  1 2  2 3  2 10  3 4  4 5  5 6  6 7  6 9  7 8  11 12  12 13  13 14  14 15  15 16  16 17  17 18
0 1  0 12  1 2  1 10  2 3  3 4  4 5  5 6  6 7  6 9  7 8  10 11  12 13  13 14  14 15  15 16  16 17  17 18  18 19
0 1  0 12  1 2  1 10  1 11  2 3  3 4  4 5  5 6  6 7  6 9  7 8  12 13  13 14  14 15  15 16  16 17  17 18  18 19
0 1  0 11  1 2  1 10  2 3  3 4  4 5  5 6  6 7  6 9  7 8  11 12  12 13  13 14  14 15  15 16  16 17  16 19  17 18
0 1  0 11  1 2  1 10  2 3  3 4  4 5  5 6  6 7  6 9  7 8  11 12  12 13  13 14  14 15  15 16  15 19  16 17  17 18
0 1  0 11  1 2  1 10  2 3  3 4  4 5  5 6  6 7  6 9  7 8  11 12  12 13  13 14  14 15  14 19  15 16  16 17  17 18
0 1  0 11  1 2  1 10  2 3  3 4  4 5  5 6  6 7  6 9  7 8  11 12  12 13  13 14  13 19  14 15  15 16  16 17  17 18
0 1  0 11  1 2  1 10  2 3  3 4  4 5  5 6  6 7  6 9  7 8  11 12  12 13  12 19  13 14  14 15  15 16  16 17  17 18
0 1  0 11  1 2  1 10  2 3  3 4  4 5  5 6  6 7  6 9  7 8  11 12  11 19  12 13  13 14  14 15  15 16  16 17  17 18
0 1  0 11  0 19  1 2  1 10  2 3  3 4  4 5  5 6  6 7  6 9  7 8  11 12  12 13  13 14  14 15  15 16  16 17  17 18
0 1  0 10  0 19  1 2  2 3  3 4  4 5  5 6  6 7  6 9  7 8  10 11  11 12  12 13  13 14  14 15  15 16  15 18  16 17
0 1  0 10  1 2  2 3  3 4  4 5  5 6  6 7  6 9  7 8  10 11  11 12  12 13  13 14  14 15  14 18  15 16  16 17  18 19
0 1  0 10  1 2  2 3  3 4  4 5  5 6  6 7  6 9  7 8  10 11  11 12  12 13  13 14  14 15  14 18  14 19  15 16  16 17
0 1  0 10  1 2  2 3  3 4  4 5  5 6  6 7  6 9  7 8  10 11  11 12  12 13  13 14  13 19  14 15  14 18  15 16  16 17
0 1  0 10  1 2  2 3  3 4  4 5  5 6  6 7  6 9  7 8  10 11  11 12  12 13  12 19  13 14  14 15  14 18  15 16  16 17
0 1  0 10  1 2  2 3  3 4  4 5  5 6  6 7  6 9  7 8  10 11  11 12  11 19  12 13  13 14  14 15  14 18  15 16  16 17
0 1  0 10  1 2  2 3  3 4  4 5  5 6  6 7  6 9  7 8  10 11  10 19  11 12  12 13  13 14  14 15  14 18  15 16  16 17
0 1  0 10  0 19  1 2  2 3  3 4  4 5  5 6  6 7  6 9  7 8  10 11  11 12  12 13  13 14  14 15  14 18  15 16  16 17
0 1  0 10  1 2  2 3  3 4  4 5  5 6  6 7  6 9  7 8  10 11  11 12  12 13  13 14  13 18  14 15  15 16  16 17  18 19
0 1  0 10  1 2  2 3  3 4  4 5  5 6  6 7  6 9  7 8  10 11  11 12  12 13  13 14  13 18  13 19  14 15  15 16  16 17
0 1  0 10  1 2  2 3  3 4  4 5  5 6  6 7  6 9  7 8  10 11  11 12  12 13  12 19  13 14  13 18  14 15  15 16  16 17
0 1  0 10  1 2  2 3  3 4  4 5  5 6  6 7  6 9  7 8  10 11  11 12  11 19  12 13  13 14  13 18  14 15  15 16  16 17
0 1  0 10  1 2  2 3  3 4  4 5  5 6  6 7  6 9  7 8  10 11  10 19  11 12  12 13  13 14  13 18  14 15  15 16  16 17
0 1  0 10  0 19  1 2  2 3  3 4  4 5  5 6  6 7  6 9  7 8  10 11  11 12  12 13  13 14  13 18  14 15  15 16  16 17
0 1  0 10  1 2  2 3  3 4  4 5  5 6  6 7  6 9  7 8  10 11  11 12  12 13  12 18  13 14  14 15  15 16  16 17  18 19
0 1  0 10  1 2  2 3  3 4  4 5  5 6  6 7  6 9  7 8  10 11  11 12  12 13  12 18  12 19  13 14  14 15  15 16  16 17
0 1  0 10  1 2  2 3  3 4  4 5  5 6  6 7  6 9  7 8  10 11  11 12  11 19  12 13  12 18  13 14  14 15  15 16  16 17
0 1  0 10  1 2  2 3  3 4  4 5  5 6  6 7  6 9  7 8  10 11  10 19  11 12  12 13  12 18  13 14  14 15  15 16  16 17
0 1  0 10  0 19  1 2  2 3  3 4  4 5  5 6  6 7  6 9  7 8  10 11  11 12  12 13  12 18  13 14  14 15  15 16  16 17
0 1  0 10  1 2  2 3  3 4  4 5  5 6  6 7  6 9  7 8  10 11  11 12  11 18  12 13  13 14  14 15  15 16  16 17  18 19
0 1  0 10  1 2  2 3  3 4  4 5  5 6  6 7  6 9  7 8  10 11  11 12  11 18  11 19  12 13  13 14  14 15  15 16  16 17
0 1  0 10  1 2  2 3  3 4  4 5  5 6  6 7  6 9  7 8  10 11  10 19  11 12  11 18  12 13  13 14  14 15  15 16  16 17
0 1  0 10  0 19  1 2  2 3  3 4  4 5  5 6  6 7  6 9  7 8  10 11  11 12  11 18  12 13  13 14  14 15  15 16  16 17
0 1  0 10  1 2  2 3  3 4  4 5  5 6  6 7  6 9  7 8  10 11  10 18  11 12  12 13  13 14  14 15  15 16  16 17  18 19
0 1  0 10  1 2  2 3  3 4  4 5  5 6  6 7  6 9  7 8  10 11  10 18  10 19  11 12  12 13  13 14  14 15  15 16  16 17
0 1  0 10  0 19  1 2  2 3  3 4  4 5  5 6  6 7  6 9  7 8  10 11  10 18  11 12  12 13  13 14  14 15  15 16  16 17
0 1  0 10  0 18  1 2  2 3  3 4  4 5  5 6  6 7  6 9  7 8  10 11  11 12  12 13  13 14  14 15  15 16  16 17  18 19
0 1  0 10  0 18  0 19  1 2  2 3  3 4  4 5  5 6  6 7  6 9  7 8  10 11  11 12  12 13  13 14  14 15  15 16  16 17
0 1  0 12  1 2  2 3  3 4  4 5  5 6  5 9  6 7  7 8  9 10  10 11  12 13  13 14  14 15  15 16  16 17  17 18  18 19
0 1  0 12  1 2  2 3  3 4  4 5  5 6  5 9  6 7  7 8  9 10  9 11  12 13  13 14  14 15  15 16  16 17  17 18  18 19
0 1  0 12  1 2  2 3  3 4  4 5  5 6  5 9  5 11  6 7  7 8  9 10  12 13  13 14  14 15  15 16  16 17  17 18  18 19
0 1  0 12  1 2  2 3  3 4  4 5  4 11  5 6  5 9  6 7  7 8  9 10  12 13  13 14  14 15  15 16  16 17  17 18  18 19
0 1  0 12  1 2  2 3  3 4  3 11  4 5  5 6  5 9  6 7  7 8  9 10  12 13  13 14  14 15  15 16  16 17  17 18  18 19
0 1  0 12  1 2  2 3  2 11  3 4  4 5  5 6  5 9  6 7  7 8  9 10  12 13  13 14  14 15  15 16  16 17  17 18  18 19
0 1  0 12  1 2  1 11  2 3  3 4  4 5  5 6  5 9  6 7  7 8  9 10  12 13  13 14  14 15  15 16  16 17  17 18  18 19
0 1  0 11  1 2  2 3  3 4  4 5  5 6  5 9  6 7  7 8  9 10  11 12  12 13  13 14  14 15  15 16  15 19  16 17  17 18
0 1  0 11  1 2  2 3  3 4  4 5  5 6  5 9  6 7  7 8  9 10  11 12  12 13  13 14  14 15  14 19  15 16  16 17  17 18
0 1  0 11  1 2  2 3  3 4  4 5  5 6  5 9  6 7  7 8  9 10  11 12  12 13  13 14  13 19  14 15  15 16  16 17  17 18
0 1  0 11  1 2  2 3  3 4  4 5  5 6  5 9  6 7  7 8  9 10  11 12  12 13  12 19  13 14  14 15  15 16  16 17  17 18
0 1  0 11  1 2  2 3  3 4  4 5  5 6  5 9  6 7  7 8  9 10  11 12  11 19  12 13  13 14  14 15  15 16  16 17  17 18
0 1  0 11  0 19  1 2  2 3  3 4  4 5  5 6  5 9  6 7  7 8  9 10  11 12  12 13  13 14  14 15  15 16  16 17  17 18
0 1  0 12  1 2  2 3  3 4  4 5  5 6  5 9  5 10  5 11  6 7  7 8  12 13  13 14  14 15  15 16  16 17  17 18  18 19
0 1  0 12  1 2  2 3  3 4  4 5  4 11  5 6  5 9  5 10  6 7  7 8  12 13  13 14  14 15  15 16  16 17  17 18  18 19
0 1  0 12  1 2  2 3  3 4  3 11  4 5  5 6  5 9  5 10  6 7  7 8  12 13  13 14  14 15  15 16  16 17  17 18  18 19
0 1  0 12  1 2  2 3  2 11  3 4  4 5  5 6  5 9  5 10  6 7  7 8  12 13  13 14  14 15  15 16  16 17  17 18  18 19
0 1  0 12  1 2  1 11  2 3  3 4  4 5  5 6  5 9  5 10  6 7  7 8  12 13  13 14  14 15  15 16  16 17  17 18  18 19
0 1  0 11  1 2  2 3  3 4  4 5  5 6  5 9  5 10  6 7  7 8  11 12  12 13  13 14  14 15  15 16  15 19  16 17  17 18
0 1  0 11  1 2  2 3  3 4  4 5  5 6  5 9  5 10  6 7  7 8  11 12  12 13  13 14  14 15  14 19  15 16  16 17  17 18
0 1  0 11  1 2  2 3  3 4  4 5  5 6  5 9  5 10  6 7  7 8  11 12  12 13  13 14  13 19  14 15  15 16  16 17  17 18
0 1  0 11  1 2  2 3  3 4  4 5  5 6  5 9  5 10  6 7  7 8  11 12  12 13  12 19  13 14  14 15  15 16  16 17  17 18
0 1  0 11  1 2  2 3  3 4  4 5  5 6  5 9  5 10  6 7  7 8  11 12  11 19  12 13  13 14  14 15  15 16  16 17  17 18
0 1  0 11  0 19  1 2  2 3  3 4  4 5  5 6  5 9  5 10  6 7  7 8  11 12  12 13  13 14  14 15  15 16  16 17  17 18
0 1  0 12  1 2  2 3  3 4  4 5  4 10  5 6  5 9  6 7  7 8  10 11  12 13  13 14  14 15  15 16  16 17  17 18  18 19
0 1  0 12  1 2  2 3  3 4  4 5  4 10  4 11  5 6  5 9  6 7  7 8  12 13  13 14  14 15  15 16  16 17  17 18  18 19
0 1  0 12  1 2  2 3  3 4  3 11  4 5  4 10  5 6  5 9  6 7  7 8  12 13  13 14  14 15  15 16  16 17  17 18  18 19
0 1  0 12  1 2  2 3  2 11  3 4  4 5  4 10  5 6  5 9  6 7  7 8  12 13  13 14  14 15  15 16  16 17  17 18  18 19
0 1  0 12  1 2  1 11  2 3  3 4  4 5  4 10  5 6  5 9  6 7  7 8  12 13  13 14  14 15  15 16  16 17  17 18  18 19
0 1  0 11  1 2  2 3  3 4  4 5  4 10  5 6  5 9  6 7  7 8  11 12  12 13  13 14  14 15  15 16  15 19  16 17  17 18
0 1  0 11  1 2  2 3  3 4  4 5  4 10  5 6  5 9  6 7  7 8  11 12  12 13  13 14  14 15  14 19  15 16  16 17  17 18
0 1  0 11  1 2  2 3  3 4  4 5  4 10  5 6  5 9  6 7  7 8  11 12  12 13  13 14  13 19  14 15  15 16  16 17  17 18
0 1  0 11  1 2  2 3  3 4  4 5  4 10  5 6  5 9  6 7  7 8  11 12  12 13  12 19  13 14  14 15  15 16  16 17  17 18
0 1  0 11  1 2  2 3  3 4  4 5  4 10  5 6  5 9  6 7  7 8  11 12  11 19  12 13  13 14  14 15  15 16  16 17  17 18
0 1  0 11  0 19  1 2  2 3  3 4  4 5  4 10  5 6  5 9  6 7  7 8  11 12  12 13  13 14  14 15  15 16  16 17  17 18
0 1  0 12  1 2  2 3  3 4  3 10  4 5  5 6  5 9  6 7  7 8  10 11  12 13  13 14  14 15  15 16  16 17  17 18  18 19
0 1  0 12  1 2  2 3  3 4  3 10  3 11  4 5  5 6  5 9  6 7  7 8  12 13  13 14  14 15  15 16  16 17  17 18  18 19
0 1  0 12  1 2  2 3  2 11  3 4  3 10  4 5  5 6  5 9  6 7  7 8  12 13  13 14  14 15  15 16  16 17  17 18  18 19
0 1  0 12  1 2  1 11  2 3  3 4  3 10  4 5  5 6  5 9  6 7  7 8  12 13  13 14  14 15  15 16  16 17  17 18  18 19
0 1  0 11  1 2  2 3  3 4  3 10  4 5  5 6  5 9  6 7  7 8  11 12  12 13  13 14  14 15  15 16  15 19  16 17  17 18
0 1  0 11  1 2  2 3  3 4  3 10  4 5  5 6  5 9  6 7  7 8  11 12  12 13  13 14  14 15  14 19  15 16  16 17  17 18
0 1  0 11  1 2  2 3  3 4  3 10  4 5  5 6  5 9  6 7  7 8  11 12  12 13  13 14  13 19  14 15  15 16  16 17  17 18
0 1  0 11  1 2  2 3  3 4  3 10  4 5  5 6  5 9  6 7  7 8  11 12  12 13  12 19  13 14  14 15  15 16  16 17  17 18
0 1  0 11  1 2  2 3  3 4  3 10  4 5  5 6  5 9  6 7  7 8  11 12  11 19  12 13  13 14  14 15  15 16  16 17  17 18
0 1  0 11  0 19  1 2  2 3  3 4  3 10  4 5  5 6  5 9  6 7  7 8  11 12  12 13  13 14  14 15  15 16  16 17  17 18
0 1  0 12  1 2  2 3  2 10  3 4  4 5  5 6  5 9  6 7  7 8  10 11  12 13  13 14  14 15  15 16  16 17  17 18  18 19
0 1  0 12  1 2  2 3  2 10  2 11  3 4  4 5  5 6  5 9  6 7  7 8  12 13  13 14  14 15  15 16  16 17  17 18  18 19
0 1  0 12  1 2  1 11  2 3  2 10  3 4  4 5  5 6  5 9  6 7  7 8  12 13  13 14  14 15  15 16  16 17  17 18  18 19
0 1  0 11  1 2  2 3  2 10  3 4  4 5  5 6  5 9  6 7  7 8  11 12  12 13  13 14  14 15  15 16  15 19  16 17  17 18
0 1  0 11  1 2  2 3  2 10  3 4  4 5  5 6  5 9  6 7  7 8  11 12  12 13  13 14  14 15  14 19  15 16  16 17  17 18
0 1  0 11  1 2  2 3  2 10  3 4  4 5  5 6  5 9  6 7  7 8  11 12  12 13  13 14  13 19  14 15  15 16  16 17  17 18
0 1  0 11  1 2  2 3  2 10  3 4  4 5  5 6  5 9  6 7  7 8  11 12  12 13  12 19  13 14  14 15  15 16  16 17  17 18
0 1  0 11  1 2  2 3  2 10  3 4  4 5  5 6  5 9  6 7  7 8  11 12  11 19  12 13  13 14  14 15  15 16  16 17  17 18
0 1  0 11  0 19  1 2  2 3  2 10  3 4  4 5  5 6  5 9  6 7  7 8  11 12  12 13  13 14  14 15  15 16  16 17  17 18
0 1  0 12  1 2  1 10  2 3  3 4  4 5  5 6  5 9  6 7  7 8  10 11  12 13  13 14  14 15  15 16  16 17  17 18  18 19
0 1  0 12  1 2  1 10  1 11  2 3  3 4  4 5  5 6  5 9  6 7  7 8  12 13  13 14  14 15  15 16  16 17  17 18  18 19
0 1  0 11  1 2  1 10  2 3  3 4  4 5  5 6  5 9  6 7  7 8  11 12  12 13  13 14  14 15  15 16  15 19  16 17  17 18
0 1  0 11  1 2  1 10  2 3  3 4  4 5  5 6  5 9  6 7  7 8  11 12  12 13  13 14  14 15  14 19  15 16  16 17  17 18
0 1  0 11  1 2  1 10  2 3  3 4  4 5  5 6  5 9  6 7  7 8  11 12  12 13  13 14  13 19  14 15  15 16  16 17  17 18
0 1  0 11  1 2  1 10  2 3  3 4  4 5  5 6  5 9  6 7  7 8  11 12  12 13  12 19  13 14  14 15  15 16  16 17  17 18
0 1  0 11  1 2  1 10  2 3  3 4  4 5  5 6  5 9  6 7  7 8  11 12  11 19  12 13  13 14  14 15  15 16  16 17  17 18
0 1  0 11  0 19  1 2  1 10  2 3  3 4  4 5  5 6  5 9  6 7  7 8  11 12  12 13  13 14  14 15  15 16  16 17  17 18
0 1  0 10  0 19  1 2  2 3  3 4  4 5  5 6  5 9  6 7  7 8  10 11  11 12  12 13  13 14  14 15  14 18  15 16  16 17
0 1  0 10  1 2  2 3  3 4  4 5  5 6  5 9  6 7  7 8  10 11  11 12  12 13  13 14  13 18  14 15  15 16  16 17  18 19
0 1  0 10  1 2  2 3  3 4  4 5  5 6  5 9  6 7  7 8  10 11  11 12  12 13  13 14  13 18  13 19  14 15  15 16  16 17
0 1  0 10  1 2  2 3  3 4  4 5  5 6  5 9  6 7  7 8  10 11  11 12  12 13  12 19  13 14  13 18  14 15  15 16  16 17
0 1  0 10  1 2  2 3  3 4  4 5  5 6  5 9  6 7  7 8  10 11  11 12  11 19  12 13  13 14  13 18  14 15  15 16  16 17
0 1  0 10  1 2  2 3  3 4  4 5  5 6  5 9  6 7  7 8  10 11  10 19  11 12  12 13  13 14  13 18  14 15  15 16  16 17
0 1  0 10  0 19  1 2  2 3  3 4  4 5  5 6  5 9  6 7  7 8  10 11  11 12  12 13  13 14  13 18  14 15  15 16  16 17
0 1  0 10  1 2  2 3  3 4  4 5  5 6  5 9  6 7  7 8  10 11  11 12  12 13  12 18  13 14  14 15  15 16  16 17  18 19
0 1  0 10  1 2  2 3  3 4  4 5  5 6  5 9  6 7  7 8  10 11  11 12  12 13  12 18  12 19  13 14  14 15  15 16  16 17
0 1  0 10  1 2  2 3  3 4  4 5  5 6  5 9  6 7  7 8  10 11  11 12  11 19  12 13  12 18  13 14  14 15  15 16  16 17
0 1  0 10  1 2  2 3  3 4  4 5  5 6  5 9  6 7  7 8  10 11  10 19  11 12  12 13  12 18  13 14  14 15  15 16  16 17
0 1  0 10  0 19  1 2  2 3  3 4  4 5  5 6  5 9  6 7  7 8  10 11  11 12  12 13  12 18  13 14  14 15  15 16  16 17
0 1  0 10  1 2  2 3  3 4  4 5  5 6  5 9  6 7  7 8  10 11  11 12  11 18  12 13  13 14  14 15  15 16  16 17  18 19
0 1  0 10  1 2  2 3  3 4  4 5  5 6  5 9  6 7  7 8  10 11  11 12  11 18  11 19  12 13  13 14  14 15  15 16  16 17
0 1  0 10  1 2  2 3  3 4  4 5  5 6  5 9  6 7  7 8  10 11  10 19  11 12  11 18  12 13  13 14  14 15  15 16  16 17
0 1  0 10  0 19  1 2  2 3  3 4  4 5  5 6  5 9  6 7  7 8  10 11  11 12  11 18  12 13  13 14  14 15  15 16  16 17
0 1  0 10  1 2  2 3  3 4  4 5  5 6  5 9  6 7  7 8  10 11  10 18  11 12  12 13  13 14  14 15  15 16  16 17  18 19
0 1  0 10  1 2  2 3  3 4  4 5  5 6  5 9  6 7  7 8  10 11  10 18  10 19  11 12  12 13  13 14  14 15  15 16  16 17
0 1  0 10  0 19  1 2  2 3  3 4  4 5  5 6  5 9  6 7  7 8  10 11  10 18  11 12  12 13  13 14  14 15  15 16  16 17
0 1  0 10  0 18  1 2  2 3  3 4  4 5  5 6  5 9  6 7  7 8  10 11  11 12  12 13  13 14  14 15  15 16  16 17  18 19
0 1  0 10  0 18  0 19  1 2  2 3  3 4  4 5  5 6  5 9  6 7  7 8  10 11  11 12  12 13  13 14  14 15  15 16  16 17
0 1  0 12  1 2  2 3  3 4  4 5  4 9  5 6  6 7  7 8  9 10  10 11  12 13  13 14  14 15  15 16  16 17  17 18  18 19
0 1  0 12  1 2  2 3  3 4  4 5  4 9  5 6  6 7  7 8  9 10  9 11  12 13  13 14  14 15  15 16  16 17  17 18  18 19
0 1  0 12  1 2  2 3  3 4  4 5  4 9  4 11  5 6  6 7  7 8  9 10  12 13  13 14  14 15  15 16  16 17  17 18  18 19
0 1  0 12  1 2  2 3  3 4  3 11  4 5  4 9  5 6  6 7  7 8  9 10  12 13  13 14  14 15  15 16  16 17  17 18  18 19
0 1  0 12  1 2  2 3  2 11  3 4  4 5  4 9  5 6  6 7  7 8  9 10  12 13  13 14  14 15  15 16  16 17  17 18  18 19
0 1  0 12  1 2  1 11  2 3  3 4  4 5  4 9  5 6  6 7  7 8  9 10  12 13  13 14  14 15  15 16  16 17  17 18  18 19
0 1  0 11  1 2  2 3  3 4  4 5  4 9  5 6  6 7  7 8  9 10  11 12  12 13  13 14  14 15  14 19  15 16  16 17  17 18
0 1  0 11  1 2  2 3  3 4  4 5  4 9  5 6  6 7  7 8  9 10  11 12  12 13  13 14  13 19  14 15  15 16  16 17  17 18
0 1  0 11  1 2  2 3  3 4  4 5  4 9  5 6  6 7  7 8  9 10  11 12  12 13  12 19  13 14  14 15  15 16  16 17  17 18
0 1  0 11  1 2  2 3  3 4  4 5  4 9  5 6  6 7  7 8  9 10  11 12  11 19  12 13  13 14  14 15  15 16  16 17  17 18
0 1  0 11  0 19  1 2  2 3  3 4  4 5  4 9  5 6  6 7  7 8  9 10  11 12  12 13  13 14  14 15  15 16  16 17  17 18
0 1  0 12  1 2  2 3  3 4  4 5  4 9  4 10  4 11  5 6  6 7  7 8  12 13  13 14  14 15  15 16  16 17  17 18  18 19
0 1  0 12  1 2  2 3  3 4  3 11  4 5  4 9  4 10  5 6  6 7  7 8  12 13  13 14  14 15  15 16  16 17  17 18  18 19
0 1  0 12  1 2  2 3  2 11  3 4  4 5  4 9  4 10  5 6  6 7  7 8  12 13  13 14  14 15  15 16  16 17  17 18  18 19
0 1  0 12  1 2  1 11  2 3  3 4  4 5  4 9  4 10  5 6  6 7  7 8  12 13  13 14  14 15  15 16  16 17  17 18  18 19
0 1  0 11  1 2  2 3  3 4  4 5  4 9  4 10  5 6  6 7  7 8  11 12  12 13  13 14  14 15  14 19  15 16  16 17  17 18
0 1  0 11  1 2  2 3  3 4  4 5  4 9  4 10  5 6  6 7  7 8  11 12  12 13  13 14  13 19  14 15  15 16  16 17  17 18
0 1  0 11  1 2  2 3  3 4  4 5  4 9  4 10  5 6  6 7  7 8  11 12  12 13  12 19  13 14  14 15  15 16  16 17  17 18
0 1  0 11  1 2  2 3  3 4  4 5  4 9  4 10  5 6  6 7  7 8  11 12  11 19  12 13  13 14  14 15  15 16  16 17  17 18
0 1  0 11  0 19  1 2  2 3  3 4  4 5  4 9  4 10  5 6  6 7  7 8  11 12  12 13  13 14  14 15  15 16  16 17  17 18
0 1  0 12  1 2  2 3  3 4  3 10  4 5  4 9  5 6  6 7  7 8  10 11  12 13  13 14  14 15  15 16  16 17  17 18  18 19
0 1  0 12  1 2  2 3  3 4  3 10  3 11  4 5  4 9  5 6  6 7  7 8  12 13  13 14  14 15  15 16  16 17  17 18  18 19
0 1  0 12  1 2  2 3  2 11  3 4  3 10  4 5  4 9  5 6  6 7  7 8  12 13  13 14  14 15  15 16  16 17  17 18  18 19
0 1  0 12  1 2  1 11  2 3  3 4  3 10  4 5  4 9  5 6  6 7  7 8  12 13  13 14  14 15  15 16  16 17  17 18  18 19
0 1  0 11  1 2  2 3  3 4  3 10  4 5  4 9  5 6  6 7  7 8  11 12  12 13  13 14  14 15  14 19  15 16  16 17  17 18
0 1  0 11  1 2  2 3  3 4  3 10  4 5  4 9  5 6  6 7  7 8  11 12  12 13  13 14  13 19  14 15  15 16  16 17  17 18
0 1  0 11  1 2  2 3  3 4  3 10  4 5  4 9  5 6  6 7  7 8  11 12  12 13  12 19  13 14  14 15  15 16  16 17  17 18
0 1  0 11  1 2  2 3  3 4  3 10  4 5  4 9  5 6  6 7  7 8  11 12  11 19  12 13  13 14  14 15  15 16  16 17  17 18
0 1  0 11  0 19  1 2  2 3  3 4  3 10  4 5  4 9  5 6  6 7  7 8  11 12  12 13  13 14  14 15  15 16  16 17  17 18
0 1  0 12  1 2  2 3  2 10  3 4  4 5  4 9  5 6  6 7  7 8  10 11  12 13  13 14  14 15  15 16  16 17  17 18  18 19
0 1  0 12  1 2  2 3  2 10  2 11  3 4  4 5  4 9  5 6  6 7  7 8  12 13  13 14  14 15  15 16  16 17  17 18  18 19
0 1  0 12  1 2  1 11  2 3  2 10  3 4  4 5  4 9  5 6  6 7  7 8  12 13  13 14  14 15  15 16  16 17  17 18  18 19
0 1  0 11  1 2  2 3  2 10  3 4  4 5  4 9  5 6  6 7  7 8  11 12  12 13  13 14  14 15  14 19  15 16  16 17  17 18
0 1  0 11  1 2  2 3  2 10  3 4  4 5  4 9  5 6  6 7  7 8  11 12  12 13  13 14  13 19  14 15  15 16  16 17  17 18
0 1  0 11  1 2  2 3  2 10  3 4  4 5  4 9  5 6  6 7  7 8  11 12  12 13  12 19  13 14  14 15  15 16  16 17  17 18
0 1  0 11  1 2  2 3  2 10  3 4  4 5  4 9  5 6  6 7  7 8  11 12  11 19  12 13  13 14  14 15  15 16  16 17  17 18
0 1  0 11  0 19  1 2  2 3  2 10  3 4  4 5  4 9  5 6  6 7  7 8  11 12  12 13  13 14  14 15  15 16  16 17  17 18
0 1  0 12  1 2  1 10  2 3  3 4  4 5  4 9  5 6  6 7  7 8  10 11  12 13  13 14  14 15  15 16  16 17  17 18  18 19
0 1  0 12  1 2  1 10  1 11  2 3  3 4  4 5  4 9  5 6  6 7  7 8  12 13  13 14  14 15  15 16  16 17  17 18  18 19
0 1  0 11  1 2  1 10  2 3  3 4  4 5  4 9  5 6  6 7  7 8  11 12  12 13  13 14  14 15  14 19  15 16  16 17  17 18
0 1  0 11  1 2  1 10  2 3  3 4  4 5  4 9  5 6  6 7  7 8  11 12  12 13  13 14  13 19  14 15  15 16  16 17  17 18
0 1  0 11  1 2  1 10  2 3  3 4  4 5  4 9  5 6  6 7  7 8  11 12  12 13  12 19  13 14  14 15  15 16  16 17  17 18
0 1  0 11  1 2  1 10  2 3  3 4  4 5  4 9  5 6  6 7  7 8  11 12  11 19  12 13  13 14  14 15  15 16  16 17  17 18
0 1  0 11  0 19  1 2  1 10  2 3  3 4  4 5  4 9  5 6  6 7  7 8  11 12  12 13  13 14  14 15  15 16  16 17  17 18
0 1  0 10  0 19  1 2  2 3  3 4  4 5  4 9  5 6  6 7  7 8  10 11  11 12  12 13  13 14  13 18  14 15  15 16  16 17
0 1  0 10  1 2  2 3  3 4  4 5  4 9  5 6  6 7  7 8  10 11  11 12  12 13  12 18  13 14  14 15  15 16  16 17  18 19
0 1  0 10  1 2  2 3  3 4  4 5  4 9  5 6  6 7  7 8  10 11  11 12  12 13  12 18  12 19  13 14  14 15  15 16  16 17
0 1  0 10  1 2  2 3  3 4  4 5  4 9  5 6  6 7  7 8  10 11  11 12  11 19  12 13  12 18  13 14  14 15  15 16  16 17
0 1  0 10  1 2  2 3  3 4  4 5  4 9  5 6  6 7  7 8  10 11  10 19  11 12  12 13  12 18  13 14  14 15  15 16  16 17
0 1  0 10  0 19  1 2  2 3  3 4  4 5  4 9  5 6  6 7  7 8  10 11  11 12  12 13  12 18  13 14  14 15  15 16  16 17
0 1  0 10  1 2  2 3  3 4  4 5  4 9  5 6  6 7  7 8  10 11  11 12  11 18  12 13  13 14  14 15  15 16  16 17  18 19
0 1  0 10  1 2  2 3  3 4  4 5  4 9  5 6  6 7  7 8  10 11  11 12  11 18  11 19  12 13  13 14  14 15  15 16  16 17
0 1  0 10  1 2  2 3  3 4  4 5  4 9  5 6  6 7  7 8  10 11  10 19  11 12  11 18  12 13  13 14  14 15  15 16  16 17
0 1  0 10  0 19  1 2  2 3  3 4  4 5  4 9  5 6  6 7  7 8  10 11  11 12  11 18  12 13  13 14  14 15  15 16  16 17
0 1  0 10  1 2  2 3  3 4  4 5  4 9  5 6  6 7  7 8  10 11  10 18  11 12  12 13  13 14  14 15  15 16  16 17  18 19
0 1  0 10  1 2  2 3  3 4  4 5  4 9  5 6  6 7  7 8  10 11  10 18  10 19  11 12  12 13  13 14  14 15  15 16  16 17
0 1  0 10  0 19  1 2  2 3  3 4  4 5  4 9  5 6  6 7  7 8  10 11  10 18  11 12  12 13  13 14  14 15  15 16  16 17
0 1  0 10  0 18  1 2  2 3  3 4  4 5  4 9  5 6  6 7  7 8  10 11  11 12  12 13  13 14  14 15  15 16  16 17  18 19
0 1  0 10  0 18  0 19  1 2  2 3  3 4  4 5  4 9  5 6  6 7  7 8  10 11  11 12  12 13  13 14  14 15  15 16  16 17
0 1  0 12  1 2  2 3  3 4  3 9  4 5  5 6  6 7  7 8  9 10  10 11  12 13  13 14  14 15  15 16  16 17  17 18  18 19
0 1  0 12  1 2  2 3  3 4  3 9  4 5  5 6  6 7  7 8  9 10  9 11  12 13  13 14  14 15  15 16  16 17  17 18  18 19
0 1  0 12  1 2  2 3  3 4  3 9  3 11  4 5  5 6  6 7  7 8  9 10  12 13  13 14  14 15  15 16  16 17  17 18  18 19
0 1  0 12  1 2  2 3  2 11  3 4  3 9  4 5  5 6  6 7  7 8  9 10  12 13  13 14  14 15  15 16  16 17  17 18  18 19
0 1  0 12  1 2  1 11  2 3  3 4  3 9  4 5  5 6  6 7  7 8  9 10  12 13  13 14  14 15  15 16  16 17  17 18  18 19
0 1  0 11  1 2  2 3  3 4  3 9  4 5  5 6  6 7  7 8  9 10  11 12  12 13  13 14  13 19  14 15  15 16  16 17  17 18
0 1  0 11  1 2  2 3  3 4  3 9  4 5  5 6  6 7  7 8  9 10  11 12  12 13  12 19  13 14  14 15  15 16  16 17  17 18
0 1  0 11  1 2  2 3  3 4  3 9  4 5  5 6  6 7  7 8  9 10  11 12  11 19  12 13  13 14  14 15  15 16  16 17  17 18
0 1  0 11  0 19  1 2  2 3  3 4  3 9  4 5  5 6  6 7  7 8  9 10  11 12  12 13  13 14  14 15  15 16  16 17  17 18
0 1  0 12  1 2  2 3  3 4  3 9  3 10  3 11  4 5  5 6  6 7  7 8  12 13  13 14  14 15  15 16  16 17  17 18  18 19
0 1  0 12  1 2  2 3  2 11  3 4  3 9  3 10  4 5  5 6  6 7  7 8  12 13  13 14  14 15  15 16  16 17  17 18  18 19
0 1  0 12  1 2  1 11  2 3  3 4  3 9  3 10  4 5  5 6  6 7  7 8  12 13  13 14  14 15  15 16  16 17  17 18  18 19
0 1  0 11  1 2  2 3  3 4  3 9  3 10  4 5  5 6  6 7  7 8  11 12  12 13  13 14  13 19  14 15  15 16  16 17  17 18
0 1  0 11  1 2  2 3  3 4  3 9  3 10  4 5  5 6  6 7  7 8  11 12  12 13  12 19  13 14  14 15  15 16  16 17  17 18
0 1  0 11  1 2  2 3  3 4  3 9  3 10  4 5  5 6  6 7  7 8  11 12  11 19  12 13  13 14  14 15  15 16  16 17  17 18
0 1  0 11  0 19  1 2  2 3  3 4  3 9  3 10  4 5  5 6  6 7  7 8  11 12  12 13  13 14  14 15  15 16  16 17  17 18
0 1  0 12  1 2  2 3  2 10  3 4  3 9  4 5  5 6  6 7  7 8  10 11  12 13  13 14  14 15  15 16  16 17  17 18  18 19
0 1  0 12  1 2  2 3  2 10  2 11  3 4  3 9  4 5  5 6  6 7  7 8  12 13  13 14  14 15  15 16  16 17  17 18  18 19
0 1  0 12  1 2  1 11  2 3  2 10  3 4  3 9  4 5  5 6  6 7  7 8  12 13  13 14  14 15  15 16  16 17  17 18  18 19
0 1  0 11  1 2  2 3  2 10  3 4  3 9  4 5  5 6  6 7  7 8  11 12  12 13  13 14  13 19  14 15  15 16  16 17  17 18
0 1  0 11  1 2  2 3  2 10  3 4  3 9  4 5  5 6  6 7  7 8  11 12  12 13  12 19  13 14  14 15  15 16  16 17  17 18
0 1  0 11  1 2  2 3  2 10  3 4  3 9  4 5  5 6  6 7  7 8  11 12  11 19  12 13  13 14  14 15  15 16  16 17  17 18
0 1  0 11  0 19  1 2  2 3  2 10  3 4  3 9  4 5  5 6  6 7  7 8  11 12  12 13  13 14  14 15  15 16  16 17  17 18
0 1  0 12  1 2  1 10  2 3  3 4  3 9  4 5  5 6  6 7  7 8  10 11  12 13  13 14  14 15  15 16  16 17  17 18  18 19
0 1  0 12  1 2  1 10  1 11  2 3  3 4  3 9  4 5  5 6  6 7  7 8  12 13  13 14  14 15  15 16  16 17  17 18  18 19
0 1  0 11  1 2  1 10  2 3  3 4  3 9  4 5  5 6  6 7  7 8  11 12  12 13  13 14  13 19  14 15  15 16  16 17  17 18
0 1  0 11  1 2  1 10  2 3  3 4  3 9  4 5  5 6  6 7  7 8  11 12  12 13  12 19  13 14  14 15  15 16  16 17  17 18
0 1  0 11  1 2  1 10  2 3  3 4  3 9  4 5  5 6  6 7  7 8  11 12  11 19  12 13  13 14  14 15  15 16  16 17  17 18
0 1  0 11  0 19  1 2  1 10  2 3  3 4  3 9  4 5  5 6  6 7  7 8  11 12  12 13  13 14  14 15  15 16  16 17  17 18
0 1  0 10  0 19  1 2  2 3  3 4  3 9  4 5  5 6  6 7  7 8  10 11  11 12  12 13  12 18  13 14  14 15  15 16  16 17
0 1  0 10  1 2  2 3  3 4  3 9  4 5  5 6  6 7  7 8  10 11  11 12  11 18  12 13  13 14  14 15  15 16  16 17  18 19
0 1  0 10  1 2  2 3  3 4  3 9  4 5  5 6  6 7  7 8  10 11  11 12  11 18  11 19  12 13  13 14  14 15  15 16  16 17
0 1  0 10  1 2  2 3  3 4  3 9  4 5  5 6  6 7  7 8  10 11  10 19  11 12  11 18  12 13  13 14  14 15  15 16  16 17
0 1  0 10  0 19  1 2  2 3  3 4  3 9  4 5  5 6  6 7  7 8  10 11  11 12  11 18  12 13  13 14  14 15  15 16  16 17
0 1  0 10  1 2  2 3  3 4  3 9  4 5  5 6  6 7  7 8  10 11  10 18  11 12  12 13  13 14  14 15  15 16  16 17  18 19
0 1  0 10  1 2  2 3  3 4  3 9  4 5  5 6  6 7  7 8  10 11  10 18  10 19  11 12  12 13  13 14  14 15  15 16  16 17
0 1  0 10  0 19  1 2  2 3  3 4  3 9  4 5  5 6  6 7  7 8  10 11  10 18  11 12  12 13  13 14  14 15  15 16  16 17
0 1  0 10  0 18  1 2  2 3  3 4  3 9  4 5  5 6  6 7  7 8  10 11  11 12  12 13  13 14  14 15  15 16  16 17  18 19
0 1  0 10  0 18  0 19  1 2  2 3  3 4  3 9  4 5  5 6  6 7  7 8  10 11  11 12  12 13  13 14  14 15  15 16  16 17
0 1  0 12  1 2  2 3  2 9  3 4  4 5  5 6  6 7  7 8  9 10  10 11  12 13  13 14  14 15  15 16  16 17  17 18  18 19
0 1  0 12  1 2  2 3  2 9  3 4  4 5  5 6  6 7  7 8  9 10  9 11  12 13  13 14  14 15  15 16  16 17  17 18  18 19
0 1  0 12  1 2  2 3  2 9  2 11  3 4  4 5  5 6  6 7  7 8  9 10  12 13  13 14  14 15  15 16  16 17  17 18  18 19
0 1  0 12  1 2  1 11  2 3  2 9  3 4  4 5  5 6  6 7  7 8  9 10  12 13  13 14  14 15  15 16  16 17  17 18  18 19
0 1  0 11  1 2  2 3  2 9  3 4  4 5  5 6  6 7  7 8  9 10  11 12  12 13  12 19  13 14  14 15  15 16  16 17  17 18
0 1  0 11  1 2  2 3  2 9  3 4  4 5  5 6  6 7  7 8  9 10  11 12  11 19  12 13  13 14  14 15  15 16  16 17  17 18
0 1  0 11  0 19  1 2  2 3  2 9  3 4  4 5  5 6  6 7  7 8  9 10  11 12  12 13  13 14  14 15  15 16  16 17  17 18
0 1  0 12  1 2  2 3  2 9  2 10  2 11  3 4  4 5  5 6  6 7  7 8  12 13  13 14  14 15  15 16  16 17  17 18  18 19
0 1  0 12  1 2  1 11  2 3  2 9  2 10  3 4  4 5  5 6  6 7  7 8  12 13  13 14  14 15  15 16  16 17  17 18  18 19
0 1  0 11  1 2  2 3  2 9  2 10  3 4  4 5  5 6  6 7  7 8  11 12  12 13  12 19  13 14  14 15  15 16  16 17  17 18
0 1  0 11  1 2  2 3  2 9  2 10  3 4  4 5  5 6  6 7  7 8  11 12  11 19  12 13  13 14  14 15  15 16  16 17  17 18
0 1  0 11  0 19  1 2  2 3  2 9  2 10  3 4  4 5  5 6  6 7  7 8  11 12  12 13  13 14  14 15  15 16  16 17  17 18
0 1  0 12  1 2  1 10  2 3  2 9  3 4  4 5  5 6  6 7  7 8  10 11  12 13  13 14  14 15  15 16  16 17  17 18  18 19
0 1  0 12  1 2  1 10  1 11  2 3  2 9  3 4  4 5  5 6  6 7  7 8  12 13  13 14  14 15  15 16  16 17  17 18  18 19
0 1  0 11  1 2  1 10  2 3  2 9  3 4  4 5  5 6  6 7  7 8  11 12  12 13  12 19  13 14  14 15  15 16  16 17  17 18
0 1  0 11  1 2  1 10  2 3  2 9  3 4  4 5  5 6  6 7  7 8  11 12  11 19  12 13  13 14  14 15  15 16  16 17  17 18
0 1  0 11  0 19  1 2  1 10  2 3  2 9  3 4  4 5  5 6  6 7  7 8  11 12  12 13  13 14  14 15  15 16  16 17  17 18
0 1  0 10  0 19  1 2  2 3  2 9  3 4  4 5  5 6  6 7  7 8  10 11  11 12  11 18  12 13  13 14  14 15  15 16  16 17
0 1  0 10  1 2  2 3  2 9  3 4  4 5  5 6  6 7  7 8  10 11  10 18  11 12  12 13  13 14  14 15  15 16  16 17  18 19
0 1  0 10  1 2  2 3  2 9  3 4  4 5  5 6  6 7  7 8  10 11  10 18  10 19  11 12  12 13  13 14  14 15  15 16  16 17
0 1  0 10  0 19  1 2  2 3  2 9  3 4  4 5  5 6  6 7  7 8  10 11  10 18  11 12  12 13  13 14  14 15  15 16  16 17
0 1  0 10  0 18  1 2  2 3  2 9  3 4  4 5  5 6  6 7  7 8  10 11  11 12  12 13  13 14  14 15  15 16  16 17  18 19
0 1  0 10  0 18  0 19  1 2  2 3  2 9  3 4  4 5  5 6  6 7  7 8  10 11  11 12  12 13  13 14  14 15  15 16  16 17
0 1  0 12  1 2  1 9  2 3  3 4  4 5  5 6  6 7  7 8  9 10  10 11  12 13  13 14  14 15  15 16  16 17  17 18  18 19
0 1  0 12  1 2  1 9  2 3  3 4  4 5  5 6  6 7  7 8  9 10  9 11  12 13  13 14  14 15  15 16  16 17  17 18  18 19
0 1  0 12  1 2  1 9  1 11  2 3  3 4  4 5  5 6  6 7  7 8  9 10  12 13  13 14  14 15  15 16  16 17  17 18  18 19
0 1  0 11  1 2  1 9  2 3  3 4  4 5  5 6  6 7  7 8  9 10  11 12  11 19  12 13  13 14  14 15  15 16  16 17  17 18
0 1  0 11  0 19  1 2  1 9  2 3  3 4  4 5  5 6  6 7  7 8  9 10  11 12  12 13  13 14  14 15  15 16  16 17  17 18
0 1  0 12  1 2  1 9  1 10  1 11  2 3  3 4  4 5  5 6  6 7  7 8  12 13  13 14  14 15  15 16  16 17  17 18  18 19
0 1  0 11  1 2  1 9  1 10  2 3  3 4  4 5  5 6  6 7  7 8  11 12  11 19  12 13  13 14  14 15  15 16  16 17  17 18
0 1  0 11  0 19  1 2  1 9  1 10  2 3  3 4  4 5  5 6  6 7  7 8  11 12  12 13  13 14  14 15  15 16  16 17  17 18
0 1  0 10  0 19  1 2  1 9  2 3  3 4  4 5  5 6  6 7  7 8  10 11  10 18  11 12  12 13  13 14  14 15  15 16  16 17
0 1  0 10  0 18  1 2  1 9  2 3  3 4  4 5  5 6  6 7  7 8  10 11  11 12  12 13  13 14  14 15  15 16  16 17  18 19
0 1  0 10  0 18  0 19  1 2  1 9  2 3  3 4  4 5  5 6  6 7  7 8  10 11  11 12  12 13  13 14  14 15  15 16  16 17
0 1  0 9  0 17  1 2  2 3  3 4  4 5  5 6  6 7  7 8  9 10  10 11  11 12  12 13  13 14  14 15  15 16  17 18  18 19
0 1  0 9  0 17  1 2  2 3  3 4  4 5  5 6  6 7  7 8  9 10  10 11  11 12  12 13  13 14  14 15  15 16  17 18  17 19
0 1  0 9  0 17  0 19  1 2  2 3  3 4  4 5  5 6  6 7  7 8  9 10  10 11  11 12  12 13  13 14  14 15  15 16  17 18
0 1  0 9  0 17  0 18  0 19  1 2  2 3  3 4  4 5  5 6  6 7  7 8  9 10  10 11  11 12  12 13  13 14  14 15  15 16
